# Table name/description: "Top500 Asp B<40"
# Number of dimensions: 2
# For each dimension, 1 to 2: lower_bound  upper_bound  number_of_bins  wrapping
#   x1: 0.0 360.0 72 true
#   x2: 0.0 180.0 36 true
# List of table coordinates and values. (Value is last number on each line.)
2.5 2.5 0.0
2.5 7.5 0.0
2.5 12.5 0.0
2.5 17.5 0.0
2.5 22.5 0.0
2.5 27.5 0.0
2.5 32.5 0.0
2.5 37.5 0.0
2.5 42.5 0.0
2.5 47.5 0.0
2.5 52.5 0.0
2.5 57.5 0.0
2.5 62.5 0.0
2.5 67.5 0.0
2.5 72.5 0.0
2.5 77.5 0.0
2.5 82.5 0.0
2.5 87.5 0.0
2.5 92.5 0.0
2.5 97.5 0.0
2.5 102.5 0.0
2.5 107.5 0.0
2.5 112.5 0.0
2.5 117.5 0.0
2.5 122.5 0.0
2.5 127.5 0.0
2.5 132.5 0.0
2.5 137.5 0.0
2.5 142.5 0.0
2.5 147.5 0.0
2.5 152.5 0.0
2.5 157.5 0.0
2.5 162.5 0.0
2.5 167.5 0.0
2.5 172.5 0.0
2.5 177.5 0.0
7.5 2.5 0.0
7.5 7.5 0.0
7.5 12.5 0.0
7.5 17.5 0.0
7.5 22.5 0.0
7.5 27.5 0.0
7.5 32.5 0.0
7.5 37.5 0.0
7.5 42.5 0.0
7.5 47.5 0.0
7.5 52.5 0.0
7.5 57.5 0.0
7.5 62.5 0.0
7.5 67.5 0.0
7.5 72.5 0.0
7.5 77.5 0.0
7.5 82.5 0.0
7.5 87.5 0.0
7.5 92.5 0.0
7.5 97.5 0.0
7.5 102.5 0.0
7.5 107.5 0.0
7.5 112.5 0.0
7.5 117.5 0.0
7.5 122.5 0.0
7.5 127.5 0.0
7.5 132.5 0.0
7.5 137.5 0.0
7.5 142.5 0.0
7.5 147.5 0.0
7.5 152.5 0.0
7.5 157.5 0.0
7.5 162.5 0.0
7.5 167.5 0.0
7.5 172.5 0.0
7.5 177.5 0.0
12.5 2.5 0.0
12.5 7.5 0.0
12.5 12.5 0.0
12.5 17.5 0.0
12.5 22.5 0.0
12.5 27.5 0.0
12.5 32.5 0.0
12.5 37.5 0.0
12.5 42.5 0.0
12.5 47.5 0.0
12.5 52.5 0.0
12.5 57.5 0.0
12.5 62.5 0.0
12.5 67.5 0.0
12.5 72.5 0.0
12.5 77.5 0.0
12.5 82.5 0.0
12.5 87.5 0.0
12.5 92.5 0.0
12.5 97.5 0.0
12.5 102.5 0.0
12.5 107.5 0.0
12.5 112.5 0.0
12.5 117.5 0.0
12.5 122.5 0.0
12.5 127.5 0.0
12.5 132.5 0.0
12.5 137.5 0.0
12.5 142.5 0.0
12.5 147.5 0.0
12.5 152.5 0.0
12.5 157.5 0.0
12.5 162.5 0.0
12.5 167.5 0.0
12.5 172.5 0.0
12.5 177.5 0.0
17.5 2.5 0.0
17.5 7.5 0.0
17.5 12.5 0.0
17.5 17.5 0.0
17.5 22.5 0.0
17.5 27.5 0.0
17.5 32.5 0.0
17.5 37.5 0.0
17.5 42.5 0.0
17.5 47.5 0.0
17.5 52.5 0.0
17.5 57.5 0.0
17.5 62.5 0.0
17.5 67.5 0.0
17.5 72.5 0.0
17.5 77.5 0.0
17.5 82.5 0.0
17.5 87.5 0.0
17.5 92.5 0.0
17.5 97.5 1.8456995201181247E-4
17.5 102.5 1.8456995201181247E-4
17.5 107.5 1.8456995201181247E-4
17.5 112.5 1.8456995201181247E-4
17.5 117.5 1.8456995201181247E-4
17.5 122.5 1.8456995201181247E-4
17.5 127.5 0.0
17.5 132.5 0.0
17.5 137.5 0.0
17.5 142.5 0.0
17.5 147.5 0.0
17.5 152.5 0.0
17.5 157.5 0.0
17.5 162.5 0.0
17.5 167.5 0.0
17.5 172.5 0.0
17.5 177.5 0.0
22.5 2.5 1.8456995201181247E-4
22.5 7.5 1.8456995201181247E-4
22.5 12.5 1.8456995201181247E-4
22.5 17.5 1.8456995201181247E-4
22.5 22.5 1.8456995201181247E-4
22.5 27.5 1.8456995201181247E-4
22.5 32.5 1.8456995201181247E-4
22.5 37.5 1.8456995201181247E-4
22.5 42.5 1.8456995201181247E-4
22.5 47.5 1.8456995201181247E-4
22.5 52.5 1.8456995201181247E-4
22.5 57.5 1.8456995201181247E-4
22.5 62.5 1.8456995201181247E-4
22.5 67.5 1.8456995201181247E-4
22.5 72.5 0.0
22.5 77.5 0.0
22.5 82.5 0.0
22.5 87.5 1.8456995201181247E-4
22.5 92.5 1.8456995201181247E-4
22.5 97.5 1.8456995201181247E-4
22.5 102.5 1.8456995201181247E-4
22.5 107.5 1.8456995201181247E-4
22.5 112.5 1.8456995201181247E-4
22.5 117.5 1.8456995201181247E-4
22.5 122.5 1.8456995201181247E-4
22.5 127.5 1.8456995201181247E-4
22.5 132.5 1.8456995201181247E-4
22.5 137.5 1.8456995201181247E-4
22.5 142.5 0.0
22.5 147.5 0.0
22.5 152.5 0.0
22.5 157.5 0.0
22.5 162.5 0.0
22.5 167.5 0.0
22.5 172.5 0.0
22.5 177.5 1.8456995201181247E-4
27.5 2.5 5.537098560354374E-4
27.5 7.5 7.382798080472499E-4
27.5 12.5 9.228497600590623E-4
27.5 17.5 0.0012919896640826874
27.5 22.5 0.002030269472129937
27.5 27.5 0.0033222591362126247
27.5 32.5 0.0035068290882244372
27.5 37.5 0.0035068290882244372
27.5 42.5 0.0033222591362126247
27.5 47.5 0.0027685492801771874
27.5 52.5 0.002030269472129937
27.5 57.5 0.0014765596160944998
27.5 62.5 9.228497600590623E-4
27.5 67.5 3.6913990402362494E-4
27.5 72.5 1.8456995201181247E-4
27.5 77.5 1.8456995201181247E-4
27.5 82.5 1.8456995201181247E-4
27.5 87.5 1.8456995201181247E-4
27.5 92.5 1.8456995201181247E-4
27.5 97.5 1.8456995201181247E-4
27.5 102.5 3.6913990402362494E-4
27.5 107.5 7.382798080472499E-4
27.5 112.5 9.228497600590623E-4
27.5 117.5 9.228497600590623E-4
27.5 122.5 5.537098560354374E-4
27.5 127.5 3.6913990402362494E-4
27.5 132.5 1.8456995201181247E-4
27.5 137.5 1.8456995201181247E-4
27.5 142.5 1.8456995201181247E-4
27.5 147.5 1.8456995201181247E-4
27.5 152.5 1.8456995201181247E-4
27.5 157.5 1.8456995201181247E-4
27.5 162.5 1.8456995201181247E-4
27.5 167.5 1.8456995201181247E-4
27.5 172.5 1.8456995201181247E-4
27.5 177.5 3.6913990402362494E-4
32.5 2.5 0.003875968992248062
32.5 7.5 0.004060538944259874
32.5 12.5 0.004429678848283499
32.5 17.5 0.00516795865633075
32.5 22.5 0.005537098560354375
32.5 27.5 0.006090808416389812
32.5 32.5 0.0068290882244370615
32.5 37.5 0.0068290882244370615
32.5 42.5 0.006275378368401624
32.5 47.5 0.005537098560354375
32.5 52.5 0.00516795865633075
32.5 57.5 0.004060538944259874
32.5 62.5 0.0036913990402362494
32.5 67.5 0.0029531192321889995
32.5 72.5 0.0018456995201181247
32.5 77.5 0.0012919896640826874
32.5 82.5 9.228497600590623E-4
32.5 87.5 9.228497600590623E-4
32.5 92.5 0.0012919896640826874
32.5 97.5 0.0016611295681063123
32.5 102.5 0.0022148394241417496
32.5 107.5 0.0033222591362126247
32.5 112.5 0.0035068290882244372
32.5 117.5 0.0033222591362126247
32.5 122.5 0.0027685492801771874
32.5 127.5 0.0022148394241417496
32.5 132.5 0.0022148394241417496
32.5 137.5 0.0022148394241417496
32.5 142.5 0.0027685492801771874
32.5 147.5 0.003137689184200812
32.5 152.5 0.0029531192321889995
32.5 157.5 0.002399409376153562
32.5 162.5 0.0027685492801771874
32.5 167.5 0.0033222591362126247
32.5 172.5 0.0035068290882244372
32.5 177.5 0.0036913990402362494
37.5 2.5 0.012366186784791436
37.5 7.5 0.014765596160944998
37.5 12.5 0.016242155777039496
37.5 17.5 0.014581026208933185
37.5 22.5 0.012550756736803248
37.5 27.5 0.01347360649686231
37.5 32.5 0.014765596160944998
37.5 37.5 0.014027316352897749
37.5 42.5 0.012366186784791436
37.5 47.5 0.010705057216685123
37.5 52.5 0.008305647840531562
37.5 57.5 0.0068290882244370615
37.5 62.5 0.005906238464377999
37.5 67.5 0.0049833887043189366
37.5 72.5 0.003875968992248062
37.5 77.5 0.0036913990402362494
37.5 82.5 0.0036913990402362494
37.5 87.5 0.0036913990402362494
37.5 92.5 0.003875968992248062
37.5 97.5 0.004798818752307124
37.5 102.5 0.005537098560354375
37.5 107.5 0.005906238464377999
37.5 112.5 0.006090808416389812
37.5 117.5 0.006090808416389812
37.5 122.5 0.006090808416389812
37.5 127.5 0.006090808416389812
37.5 132.5 0.006644518272425249
37.5 137.5 0.008121077888519748
37.5 142.5 0.009413067552602437
37.5 147.5 0.010889627168696936
37.5 152.5 0.011258767072720562
37.5 157.5 0.011627906976744186
37.5 162.5 0.011627906976744186
37.5 167.5 0.012181616832779624
37.5 172.5 0.01199704688076781
37.5 177.5 0.011627906976744186
42.5 2.5 0.04964931709117756
42.5 7.5 0.054817275747508304
42.5 12.5 0.05370985603543743
42.5 17.5 0.04891103728313031
42.5 22.5 0.04540420819490587
42.5 27.5 0.04466592838685862
42.5 32.5 0.043004798818752306
42.5 37.5 0.037467700258397935
42.5 42.5 0.02694721299372462
42.5 47.5 0.01790328534514581
42.5 52.5 0.012550756736803248
42.5 57.5 0.011258767072720562
42.5 62.5 0.00904392764857881
42.5 67.5 0.007567368032484312
42.5 72.5 0.006644518272425249
42.5 77.5 0.006459948320413436
42.5 82.5 0.006644518272425249
42.5 87.5 0.007751937984496124
42.5 92.5 0.00904392764857881
42.5 97.5 0.011443337024732374
42.5 102.5 0.012550756736803248
42.5 107.5 0.014950166112956811
42.5 112.5 0.01568844592100406
42.5 117.5 0.017349575489110373
42.5 122.5 0.018272425249169437
42.5 127.5 0.021040974529346623
42.5 132.5 0.02823920265780731
42.5 137.5 0.03488372093023256
42.5 142.5 0.038390550018456995
42.5 147.5 0.03968253968253968
42.5 152.5 0.04097452934662237
42.5 157.5 0.042081949058693245
42.5 162.5 0.04558877814691768
42.5 167.5 0.047619047619047616
42.5 172.5 0.048726467331118496
42.5 177.5 0.04891103728313031
47.5 2.5 0.15171650055370986
47.5 7.5 0.15079365079365079
47.5 12.5 0.12827611664820968
47.5 17.5 0.11627906976744186
47.5 22.5 0.10834256183093392
47.5 27.5 0.10317460317460317
47.5 32.5 0.09228497600590624
47.5 37.5 0.06921373200442968
47.5 42.5 0.04891103728313031
47.5 47.5 0.03359173126614987
47.5 52.5 0.020671834625323
47.5 57.5 0.016057585825027684
47.5 62.5 0.01347360649686231
47.5 67.5 0.012366186784791436
47.5 72.5 0.011627906976744186
47.5 77.5 0.01199704688076781
47.5 82.5 0.012366186784791436
47.5 87.5 0.015319306016980436
47.5 92.5 0.019933554817275746
47.5 97.5 0.02823920265780731
47.5 102.5 0.036729420450350686
47.5 107.5 0.04152823920265781
47.5 112.5 0.04466592838685862
47.5 117.5 0.04724990771502399
47.5 122.5 0.05094130675526024
47.5 127.5 0.059800664451827246
47.5 132.5 0.07013658176448874
47.5 137.5 0.0799187892211148
47.5 142.5 0.08416389811738649
47.5 147.5 0.08619416758951642
47.5 152.5 0.08803986710963455
47.5 157.5 0.09486895533407161
47.5 162.5 0.10520487264673312
47.5 167.5 0.1197858988556663
47.5 172.5 0.1303063861203396
47.5 177.5 0.14950166112956811
52.5 2.5 0.3333333333333333
52.5 7.5 0.32188999630860093
52.5 12.5 0.27113325950535255
52.5 17.5 0.2355112587670727
52.5 22.5 0.21410114433370248
52.5 27.5 0.19748984865263935
52.5 32.5 0.16482096714654854
52.5 37.5 0.11941675895164268
52.5 42.5 0.07142857142857142
52.5 47.5 0.04632705795496493
52.5 52.5 0.032668881506090805
52.5 57.5 0.02307124400147656
52.5 62.5 0.019933554817275746
52.5 67.5 0.018272425249169437
52.5 72.5 0.01790328534514581
52.5 77.5 0.018826135105204873
52.5 82.5 0.02233296419342931
52.5 87.5 0.029715762273901807
52.5 92.5 0.038390550018456995
52.5 97.5 0.047619047619047616
52.5 102.5 0.05758582502768549
52.5 107.5 0.06496862310815799
52.5 112.5 0.0710594315245478
52.5 117.5 0.07825765965300849
52.5 122.5 0.09136212624584718
52.5 127.5 0.11258767072720562
52.5 132.5 0.1301218161683278
52.5 137.5 0.15153193060169803
52.5 142.5 0.1596530084902178
52.5 147.5 0.1644518272425249
52.5 152.5 0.17331118493909192
52.5 157.5 0.19010705057216684
52.5 162.5 0.21502399409376152
52.5 167.5 0.2502768549280177
52.5 172.5 0.29051310446659284
52.5 177.5 0.3298265042451089
57.5 2.5 0.5119970468807679
57.5 7.5 0.5046142488002953
57.5 12.5 0.4483204134366925
57.5 17.5 0.39461055740125506
57.5 22.5 0.33167220376522705
57.5 27.5 0.27113325950535255
57.5 32.5 0.2144702842377261
57.5 37.5 0.15171650055370986
57.5 42.5 0.08600959763750461
57.5 47.5 0.052417866371354746
57.5 52.5 0.03783684016242156
57.5 57.5 0.030269472129937247
57.5 62.5 0.02694721299372462
57.5 67.5 0.023809523809523808
57.5 72.5 0.023809523809523808
57.5 77.5 0.02823920265780731
57.5 82.5 0.03414544112218531
57.5 87.5 0.03986710963455149
57.5 92.5 0.04798818752307124
57.5 97.5 0.06035437430786268
57.5 102.5 0.073827980804725
57.5 107.5 0.0843484680693983
57.5 112.5 0.09616094499815431
57.5 117.5 0.11184939091915837
57.5 122.5 0.12643041712809155
57.5 127.5 0.15448504983388706
57.5 132.5 0.1792174234034699
57.5 137.5 0.1997046880767811
57.5 142.5 0.20930232558139536
57.5 147.5 0.22462163159837578
57.5 152.5 0.2482465854558878
57.5 157.5 0.28608342561830935
57.5 162.5 0.3453303802141011
57.5 167.5 0.4093761535622001
57.5 172.5 0.4579180509413068
57.5 177.5 0.5070136581764488
62.5 2.5 0.5919158361018826
62.5 7.5 0.5926541159099299
62.5 12.5 0.5431893687707641
62.5 17.5 0.46105574012550754
62.5 22.5 0.3894425987449243
62.5 27.5 0.2953119232189
62.5 32.5 0.21779254337393872
62.5 37.5 0.14304171280915468
62.5 42.5 0.07918050941306755
62.5 47.5 0.04891103728313031
62.5 52.5 0.036729420450350686
62.5 57.5 0.03137689184200812
62.5 62.5 0.029715762273901807
62.5 67.5 0.028608342561830934
62.5 72.5 0.029346622369878183
62.5 77.5 0.03322259136212625
62.5 82.5 0.03765227021040975
62.5 87.5 0.042820228866740494
62.5 92.5 0.05094130675526024
62.5 97.5 0.06349206349206349
62.5 102.5 0.07715023994093761
62.5 107.5 0.09191583610188261
62.5 112.5 0.1035437430786268
62.5 117.5 0.11923218899963087
62.5 122.5 0.13196751568844592
62.5 127.5 0.1596530084902178
62.5 132.5 0.18309339239571798
62.5 137.5 0.2024732373569583
62.5 142.5 0.21410114433370248
62.5 147.5 0.2351421188630491
62.5 152.5 0.2691029900332226
62.5 157.5 0.32650424510889625
62.5 162.5 0.4043927648578811
62.5 167.5 0.46862310815799185
62.5 172.5 0.5385751199704688
62.5 177.5 0.5850867478774455
67.5 2.5 0.5241786637135475
67.5 7.5 0.5376522702104097
67.5 12.5 0.5011074197120708
67.5 17.5 0.4278331487633813
67.5 22.5 0.34053156146179403
67.5 27.5 0.24455518641565152
67.5 32.5 0.1659283868586194
67.5 37.5 0.09745293466223699
67.5 42.5 0.056847545219638244
67.5 47.5 0.03857511997046881
67.5 52.5 0.029346622369878183
67.5 57.5 0.026208933185677373
67.5 62.5 0.026208933185677373
67.5 67.5 0.02602436323366556
67.5 72.5 0.027316352897748246
67.5 77.5 0.030269472129937247
67.5 82.5 0.03488372093023256
67.5 87.5 0.03968253968253968
67.5 92.5 0.04724990771502399
67.5 97.5 0.055924695459579184
67.5 102.5 0.06773717238833518
67.5 107.5 0.07807308970099668
67.5 112.5 0.08767072720561092
67.5 117.5 0.09819121447028424
67.5 122.5 0.11480251015134736
67.5 127.5 0.12772240679217423
67.5 132.5 0.14802510151347362
67.5 137.5 0.16002214839424142
67.5 142.5 0.1699889258028793
67.5 147.5 0.18807678110003692
67.5 152.5 0.22757475083056478
67.5 157.5 0.28017718715393136
67.5 162.5 0.3567737172388335
67.5 167.5 0.4269102990033223
67.5 172.5 0.47858988556662974
67.5 177.5 0.5191952750092285
72.5 2.5 0.3429309708379476
72.5 7.5 0.36360280546327056
72.5 12.5 0.3458840900701366
72.5 17.5 0.28755998523440385
72.5 22.5 0.21207087486157253
72.5 27.5 0.14470284237726097
72.5 32.5 0.0843484680693983
72.5 37.5 0.0518641565153193
72.5 42.5 0.03322259136212625
72.5 47.5 0.020302694721299374
72.5 52.5 0.018272425249169437
72.5 57.5 0.018826135105204873
72.5 62.5 0.019748984865263934
72.5 67.5 0.019195275009228498
72.5 72.5 0.019748984865263934
72.5 77.5 0.021040974529346623
72.5 82.5 0.023809523809523808
72.5 87.5 0.030084902177925435
72.5 92.5 0.035622000738279806
72.5 97.5 0.042081949058693245
72.5 102.5 0.04928017718715393
72.5 107.5 0.055740125507567365
72.5 112.5 0.06109265411590993
72.5 117.5 0.06570690291620525
72.5 122.5 0.07235142118863049
72.5 127.5 0.07918050941306755
72.5 132.5 0.08767072720561092
72.5 137.5 0.09431524547803617
72.5 142.5 0.09708379475821337
72.5 147.5 0.11424880029531193
72.5 152.5 0.13990402362495385
72.5 157.5 0.18032484311554078
72.5 162.5 0.23181985972683647
72.5 167.5 0.2822074566260613
72.5 172.5 0.32558139534883723
72.5 177.5 0.3473606496862311
77.5 2.5 0.14857881136950904
77.5 7.5 0.1596530084902178
77.5 12.5 0.15448504983388706
77.5 17.5 0.12827611664820968
77.5 22.5 0.09486895533407161
77.5 27.5 0.060538944259874494
77.5 32.5 0.03728313030638612
77.5 37.5 0.01790328534514581
77.5 42.5 0.01199704688076781
77.5 47.5 0.010705057216685123
77.5 52.5 0.011443337024732374
77.5 57.5 0.012366186784791436
77.5 62.5 0.012366186784791436
77.5 67.5 0.012366186784791436
77.5 72.5 0.012366186784791436
77.5 77.5 0.012366186784791436
77.5 82.5 0.014027316352897749
77.5 87.5 0.015873015873015872
77.5 92.5 0.018272425249169437
77.5 97.5 0.021040974529346623
77.5 102.5 0.026208933185677373
77.5 107.5 0.031930601698043556
77.5 112.5 0.03488372093023256
77.5 117.5 0.03820598006644518
77.5 122.5 0.041343669250646
77.5 127.5 0.044850498338870434
77.5 132.5 0.047434477667035804
77.5 137.5 0.048726467331118496
77.5 142.5 0.04964931709117756
77.5 147.5 0.05352528608342562
77.5 152.5 0.06275378368401624
77.5 157.5 0.0799187892211148
77.5 162.5 0.10834256183093392
77.5 167.5 0.1303063861203396
77.5 172.5 0.15577703949796973
77.5 177.5 0.16039128829826504
82.5 2.5 0.052417866371354746
82.5 7.5 0.05167958656330749
82.5 12.5 0.048726467331118496
82.5 17.5 0.044850498338870434
82.5 22.5 0.03488372093023256
82.5 27.5 0.01790328534514581
82.5 32.5 0.009413067552602437
82.5 37.5 0.005906238464377999
82.5 42.5 0.00516795865633075
82.5 47.5 0.005352528608342562
82.5 52.5 0.006090808416389812
82.5 57.5 0.006644518272425249
82.5 62.5 0.0070136581764488745
82.5 67.5 0.0068290882244370615
82.5 72.5 0.006644518272425249
82.5 77.5 0.006644518272425249
82.5 82.5 0.007382798080472499
82.5 87.5 0.008121077888519748
82.5 92.5 0.008674787744555186
82.5 97.5 0.009413067552602437
82.5 102.5 0.010705057216685123
82.5 107.5 0.011627906976744186
82.5 112.5 0.012366186784791436
82.5 117.5 0.01273532668881506
82.5 122.5 0.015503875968992248
82.5 127.5 0.01790328534514581
82.5 132.5 0.018272425249169437
82.5 137.5 0.01864156515319306
82.5 142.5 0.019933554817275746
82.5 147.5 0.02085640457733481
82.5 152.5 0.023255813953488372
82.5 157.5 0.032668881506090805
82.5 162.5 0.041343669250646
82.5 167.5 0.04964931709117756
82.5 172.5 0.055924695459579184
82.5 177.5 0.058508674787744554
87.5 2.5 0.01347360649686231
87.5 7.5 0.01199704688076781
87.5 12.5 0.0103359173126615
87.5 17.5 0.008490217792543374
87.5 22.5 0.006090808416389812
87.5 27.5 0.004060538944259874
87.5 32.5 0.0027685492801771874
87.5 37.5 0.0012919896640826874
87.5 42.5 0.0012919896640826874
87.5 47.5 0.0022148394241417496
87.5 52.5 0.0033222591362126247
87.5 57.5 0.0035068290882244372
87.5 62.5 0.0035068290882244372
87.5 67.5 0.0035068290882244372
87.5 72.5 0.0033222591362126247
87.5 77.5 0.0033222591362126247
87.5 82.5 0.0035068290882244372
87.5 87.5 0.003875968992248062
87.5 92.5 0.004060538944259874
87.5 97.5 0.004245108896271687
87.5 102.5 0.004798818752307124
87.5 107.5 0.00516795865633075
87.5 112.5 0.005352528608342562
87.5 117.5 0.005906238464377999
87.5 122.5 0.006644518272425249
87.5 127.5 0.006644518272425249
87.5 132.5 0.0068290882244370615
87.5 137.5 0.0070136581764488745
87.5 142.5 0.007382798080472499
87.5 147.5 0.007567368032484312
87.5 152.5 0.007567368032484312
87.5 157.5 0.008305647840531562
87.5 162.5 0.011258767072720562
87.5 167.5 0.013842746400885935
87.5 172.5 0.01716500553709856
87.5 177.5 0.01716500553709856
92.5 2.5 0.003875968992248062
92.5 7.5 0.0035068290882244372
92.5 12.5 0.0022148394241417496
92.5 17.5 0.0014765596160944998
92.5 22.5 9.228497600590623E-4
92.5 27.5 1.8456995201181247E-4
92.5 32.5 1.8456995201181247E-4
92.5 37.5 1.8456995201181247E-4
92.5 42.5 1.8456995201181247E-4
92.5 47.5 1.8456995201181247E-4
92.5 52.5 1.8456995201181247E-4
92.5 57.5 1.8456995201181247E-4
92.5 62.5 1.8456995201181247E-4
92.5 67.5 1.8456995201181247E-4
92.5 72.5 1.8456995201181247E-4
92.5 77.5 1.8456995201181247E-4
92.5 82.5 1.8456995201181247E-4
92.5 87.5 3.6913990402362494E-4
92.5 92.5 9.228497600590623E-4
92.5 97.5 0.0012919896640826874
92.5 102.5 0.0014765596160944998
92.5 107.5 0.0016611295681063123
92.5 112.5 0.0016611295681063123
92.5 117.5 0.002030269472129937
92.5 122.5 0.0027685492801771874
92.5 127.5 0.0033222591362126247
92.5 132.5 0.0035068290882244372
92.5 137.5 0.0035068290882244372
92.5 142.5 0.0035068290882244372
92.5 147.5 0.0035068290882244372
92.5 152.5 0.0033222591362126247
92.5 157.5 0.0033222591362126247
92.5 162.5 0.0035068290882244372
92.5 167.5 0.003875968992248062
92.5 172.5 0.004245108896271687
92.5 177.5 0.004245108896271687
97.5 2.5 1.8456995201181247E-4
97.5 7.5 1.8456995201181247E-4
97.5 12.5 1.8456995201181247E-4
97.5 17.5 1.8456995201181247E-4
97.5 22.5 1.8456995201181247E-4
97.5 27.5 1.8456995201181247E-4
97.5 32.5 0.0
97.5 37.5 0.0
97.5 42.5 0.0
97.5 47.5 0.0
97.5 52.5 0.0
97.5 57.5 0.0
97.5 62.5 0.0
97.5 67.5 0.0
97.5 72.5 1.8456995201181247E-4
97.5 77.5 1.8456995201181247E-4
97.5 82.5 1.8456995201181247E-4
97.5 87.5 1.8456995201181247E-4
97.5 92.5 1.8456995201181247E-4
97.5 97.5 1.8456995201181247E-4
97.5 102.5 1.8456995201181247E-4
97.5 107.5 1.8456995201181247E-4
97.5 112.5 1.8456995201181247E-4
97.5 117.5 1.8456995201181247E-4
97.5 122.5 1.8456995201181247E-4
97.5 127.5 1.8456995201181247E-4
97.5 132.5 3.6913990402362494E-4
97.5 137.5 3.6913990402362494E-4
97.5 142.5 3.6913990402362494E-4
97.5 147.5 3.6913990402362494E-4
97.5 152.5 1.8456995201181247E-4
97.5 157.5 1.8456995201181247E-4
97.5 162.5 1.8456995201181247E-4
97.5 167.5 1.8456995201181247E-4
97.5 172.5 3.6913990402362494E-4
97.5 177.5 3.6913990402362494E-4
102.5 2.5 0.0
102.5 7.5 0.0
102.5 12.5 0.0
102.5 17.5 0.0
102.5 22.5 0.0
102.5 27.5 0.0
102.5 32.5 0.0
102.5 37.5 0.0
102.5 42.5 0.0
102.5 47.5 0.0
102.5 52.5 0.0
102.5 57.5 0.0
102.5 62.5 0.0
102.5 67.5 0.0
102.5 72.5 0.0
102.5 77.5 0.0
102.5 82.5 0.0
102.5 87.5 0.0
102.5 92.5 0.0
102.5 97.5 1.8456995201181247E-4
102.5 102.5 1.8456995201181247E-4
102.5 107.5 1.8456995201181247E-4
102.5 112.5 1.8456995201181247E-4
102.5 117.5 1.8456995201181247E-4
102.5 122.5 0.0
102.5 127.5 0.0
102.5 132.5 1.8456995201181247E-4
102.5 137.5 1.8456995201181247E-4
102.5 142.5 1.8456995201181247E-4
102.5 147.5 1.8456995201181247E-4
102.5 152.5 1.8456995201181247E-4
102.5 157.5 1.8456995201181247E-4
102.5 162.5 1.8456995201181247E-4
102.5 167.5 1.8456995201181247E-4
102.5 172.5 1.8456995201181247E-4
102.5 177.5 1.8456995201181247E-4
107.5 2.5 0.0
107.5 7.5 0.0
107.5 12.5 0.0
107.5 17.5 0.0
107.5 22.5 0.0
107.5 27.5 0.0
107.5 32.5 0.0
107.5 37.5 0.0
107.5 42.5 0.0
107.5 47.5 0.0
107.5 52.5 0.0
107.5 57.5 0.0
107.5 62.5 0.0
107.5 67.5 0.0
107.5 72.5 0.0
107.5 77.5 0.0
107.5 82.5 0.0
107.5 87.5 0.0
107.5 92.5 0.0
107.5 97.5 0.0
107.5 102.5 0.0
107.5 107.5 0.0
107.5 112.5 0.0
107.5 117.5 0.0
107.5 122.5 0.0
107.5 127.5 0.0
107.5 132.5 0.0
107.5 137.5 0.0
107.5 142.5 0.0
107.5 147.5 0.0
107.5 152.5 0.0
107.5 157.5 0.0
107.5 162.5 0.0
107.5 167.5 0.0
107.5 172.5 0.0
107.5 177.5 0.0
112.5 2.5 0.0
112.5 7.5 0.0
112.5 12.5 0.0
112.5 17.5 0.0
112.5 22.5 0.0
112.5 27.5 0.0
112.5 32.5 0.0
112.5 37.5 0.0
112.5 42.5 0.0
112.5 47.5 0.0
112.5 52.5 0.0
112.5 57.5 0.0
112.5 62.5 0.0
112.5 67.5 0.0
112.5 72.5 0.0
112.5 77.5 0.0
112.5 82.5 0.0
112.5 87.5 0.0
112.5 92.5 0.0
112.5 97.5 0.0
112.5 102.5 0.0
112.5 107.5 0.0
112.5 112.5 0.0
112.5 117.5 0.0
112.5 122.5 0.0
112.5 127.5 0.0
112.5 132.5 0.0
112.5 137.5 0.0
112.5 142.5 0.0
112.5 147.5 0.0
112.5 152.5 0.0
112.5 157.5 0.0
112.5 162.5 0.0
112.5 167.5 0.0
112.5 172.5 0.0
112.5 177.5 0.0
117.5 2.5 0.0
117.5 7.5 0.0
117.5 12.5 0.0
117.5 17.5 0.0
117.5 22.5 0.0
117.5 27.5 0.0
117.5 32.5 0.0
117.5 37.5 0.0
117.5 42.5 0.0
117.5 47.5 0.0
117.5 52.5 0.0
117.5 57.5 0.0
117.5 62.5 0.0
117.5 67.5 0.0
117.5 72.5 0.0
117.5 77.5 0.0
117.5 82.5 0.0
117.5 87.5 0.0
117.5 92.5 0.0
117.5 97.5 0.0
117.5 102.5 0.0
117.5 107.5 0.0
117.5 112.5 0.0
117.5 117.5 0.0
117.5 122.5 0.0
117.5 127.5 0.0
117.5 132.5 0.0
117.5 137.5 0.0
117.5 142.5 0.0
117.5 147.5 0.0
117.5 152.5 0.0
117.5 157.5 0.0
117.5 162.5 0.0
117.5 167.5 0.0
117.5 172.5 0.0
117.5 177.5 0.0
122.5 2.5 0.0
122.5 7.5 0.0
122.5 12.5 0.0
122.5 17.5 0.0
122.5 22.5 0.0
122.5 27.5 0.0
122.5 32.5 0.0
122.5 37.5 0.0
122.5 42.5 0.0
122.5 47.5 0.0
122.5 52.5 0.0
122.5 57.5 0.0
122.5 62.5 0.0
122.5 67.5 0.0
122.5 72.5 0.0
122.5 77.5 0.0
122.5 82.5 0.0
122.5 87.5 0.0
122.5 92.5 0.0
122.5 97.5 0.0
122.5 102.5 0.0
122.5 107.5 0.0
122.5 112.5 0.0
122.5 117.5 0.0
122.5 122.5 0.0
122.5 127.5 0.0
122.5 132.5 0.0
122.5 137.5 0.0
122.5 142.5 0.0
122.5 147.5 0.0
122.5 152.5 0.0
122.5 157.5 0.0
122.5 162.5 0.0
122.5 167.5 0.0
122.5 172.5 0.0
122.5 177.5 0.0
127.5 2.5 0.0
127.5 7.5 0.0
127.5 12.5 0.0
127.5 17.5 0.0
127.5 22.5 0.0
127.5 27.5 0.0
127.5 32.5 0.0
127.5 37.5 0.0
127.5 42.5 0.0
127.5 47.5 0.0
127.5 52.5 0.0
127.5 57.5 0.0
127.5 62.5 0.0
127.5 67.5 0.0
127.5 72.5 0.0
127.5 77.5 0.0
127.5 82.5 0.0
127.5 87.5 0.0
127.5 92.5 0.0
127.5 97.5 0.0
127.5 102.5 0.0
127.5 107.5 0.0
127.5 112.5 0.0
127.5 117.5 0.0
127.5 122.5 0.0
127.5 127.5 0.0
127.5 132.5 0.0
127.5 137.5 0.0
127.5 142.5 0.0
127.5 147.5 0.0
127.5 152.5 0.0
127.5 157.5 0.0
127.5 162.5 0.0
127.5 167.5 0.0
127.5 172.5 0.0
127.5 177.5 0.0
132.5 2.5 0.0
132.5 7.5 0.0
132.5 12.5 0.0
132.5 17.5 0.0
132.5 22.5 0.0
132.5 27.5 0.0
132.5 32.5 0.0
132.5 37.5 0.0
132.5 42.5 0.0
132.5 47.5 0.0
132.5 52.5 0.0
132.5 57.5 0.0
132.5 62.5 0.0
132.5 67.5 0.0
132.5 72.5 0.0
132.5 77.5 0.0
132.5 82.5 0.0
132.5 87.5 0.0
132.5 92.5 0.0
132.5 97.5 0.0
132.5 102.5 0.0
132.5 107.5 0.0
132.5 112.5 0.0
132.5 117.5 0.0
132.5 122.5 0.0
132.5 127.5 0.0
132.5 132.5 0.0
132.5 137.5 0.0
132.5 142.5 0.0
132.5 147.5 0.0
132.5 152.5 0.0
132.5 157.5 0.0
132.5 162.5 0.0
132.5 167.5 0.0
132.5 172.5 0.0
132.5 177.5 0.0
137.5 2.5 0.0
137.5 7.5 0.0
137.5 12.5 0.0
137.5 17.5 1.8456995201181247E-4
137.5 22.5 1.8456995201181247E-4
137.5 27.5 1.8456995201181247E-4
137.5 32.5 1.8456995201181247E-4
137.5 37.5 1.8456995201181247E-4
137.5 42.5 1.8456995201181247E-4
137.5 47.5 1.8456995201181247E-4
137.5 52.5 1.8456995201181247E-4
137.5 57.5 1.8456995201181247E-4
137.5 62.5 1.8456995201181247E-4
137.5 67.5 1.8456995201181247E-4
137.5 72.5 0.0
137.5 77.5 0.0
137.5 82.5 0.0
137.5 87.5 0.0
137.5 92.5 0.0
137.5 97.5 0.0
137.5 102.5 0.0
137.5 107.5 0.0
137.5 112.5 0.0
137.5 117.5 0.0
137.5 122.5 0.0
137.5 127.5 0.0
137.5 132.5 0.0
137.5 137.5 0.0
137.5 142.5 0.0
137.5 147.5 0.0
137.5 152.5 0.0
137.5 157.5 0.0
137.5 162.5 0.0
137.5 167.5 0.0
137.5 172.5 0.0
137.5 177.5 0.0
142.5 2.5 0.0
142.5 7.5 1.8456995201181247E-4
142.5 12.5 1.8456995201181247E-4
142.5 17.5 3.6913990402362494E-4
142.5 22.5 0.0012919896640826874
142.5 27.5 0.002030269472129937
142.5 32.5 0.002030269472129937
142.5 37.5 0.0016611295681063123
142.5 42.5 0.0012919896640826874
142.5 47.5 3.6913990402362494E-4
142.5 52.5 1.8456995201181247E-4
142.5 57.5 1.8456995201181247E-4
142.5 62.5 1.8456995201181247E-4
142.5 67.5 1.8456995201181247E-4
142.5 72.5 1.8456995201181247E-4
142.5 77.5 1.8456995201181247E-4
142.5 82.5 1.8456995201181247E-4
142.5 87.5 1.8456995201181247E-4
142.5 92.5 0.0
142.5 97.5 0.0
142.5 102.5 0.0
142.5 107.5 0.0
142.5 112.5 0.0
142.5 117.5 0.0
142.5 122.5 0.0
142.5 127.5 0.0
142.5 132.5 0.0
142.5 137.5 0.0
142.5 142.5 0.0
142.5 147.5 0.0
142.5 152.5 0.0
142.5 157.5 0.0
142.5 162.5 0.0
142.5 167.5 0.0
142.5 172.5 0.0
142.5 177.5 0.0
147.5 2.5 1.8456995201181247E-4
147.5 7.5 0.0012919896640826874
147.5 12.5 0.0033222591362126247
147.5 17.5 0.004245108896271687
147.5 22.5 0.005537098560354375
147.5 27.5 0.005906238464377999
147.5 32.5 0.005906238464377999
147.5 37.5 0.00516795865633075
147.5 42.5 0.003875968992248062
147.5 47.5 0.003137689184200812
147.5 52.5 0.0012919896640826874
147.5 57.5 3.6913990402362494E-4
147.5 62.5 3.6913990402362494E-4
147.5 67.5 3.6913990402362494E-4
147.5 72.5 7.382798080472499E-4
147.5 77.5 7.382798080472499E-4
147.5 82.5 3.6913990402362494E-4
147.5 87.5 1.8456995201181247E-4
147.5 92.5 1.8456995201181247E-4
147.5 97.5 1.8456995201181247E-4
147.5 102.5 0.0
147.5 107.5 0.0
147.5 112.5 0.0
147.5 117.5 0.0
147.5 122.5 0.0
147.5 127.5 0.0
147.5 132.5 0.0
147.5 137.5 0.0
147.5 142.5 0.0
147.5 147.5 0.0
147.5 152.5 0.0
147.5 157.5 0.0
147.5 162.5 1.8456995201181247E-4
147.5 167.5 1.8456995201181247E-4
147.5 172.5 1.8456995201181247E-4
147.5 177.5 1.8456995201181247E-4
152.5 2.5 0.003875968992248062
152.5 7.5 0.005906238464377999
152.5 12.5 0.008674787744555186
152.5 17.5 0.012366186784791436
152.5 22.5 0.013842746400885935
152.5 27.5 0.013842746400885935
152.5 32.5 0.012366186784791436
152.5 37.5 0.010889627168696936
152.5 42.5 0.007936507936507936
152.5 47.5 0.005537098560354375
152.5 52.5 0.004060538944259874
152.5 57.5 0.0036913990402362494
152.5 62.5 0.0036913990402362494
152.5 67.5 0.003875968992248062
152.5 72.5 0.003875968992248062
152.5 77.5 0.003875968992248062
152.5 82.5 0.0036913990402362494
152.5 87.5 0.0029531192321889995
152.5 92.5 0.0016611295681063123
152.5 97.5 3.6913990402362494E-4
152.5 102.5 1.8456995201181247E-4
152.5 107.5 1.8456995201181247E-4
152.5 112.5 0.0
152.5 117.5 0.0
152.5 122.5 0.0
152.5 127.5 0.0
152.5 132.5 0.0
152.5 137.5 0.0
152.5 142.5 1.8456995201181247E-4
152.5 147.5 1.8456995201181247E-4
152.5 152.5 1.8456995201181247E-4
152.5 157.5 1.8456995201181247E-4
152.5 162.5 3.6913990402362494E-4
152.5 167.5 9.228497600590623E-4
152.5 172.5 0.0014765596160944998
152.5 177.5 0.003137689184200812
157.5 2.5 0.012550756736803248
157.5 7.5 0.01864156515319306
157.5 12.5 0.025101513473606497
157.5 17.5 0.03340716131413806
157.5 22.5 0.03580657069029162
157.5 27.5 0.03451458102620893
157.5 32.5 0.028054632705795498
157.5 37.5 0.020302694721299374
157.5 42.5 0.01568844592100406
157.5 47.5 0.012366186784791436
157.5 52.5 0.011258767072720562
157.5 57.5 0.0103359173126615
157.5 62.5 0.010889627168696936
157.5 67.5 0.011443337024732374
157.5 72.5 0.012181616832779624
157.5 77.5 0.01199704688076781
157.5 82.5 0.010151347360649687
157.5 87.5 0.0070136581764488745
157.5 92.5 0.00516795865633075
157.5 97.5 0.0036913990402362494
157.5 102.5 0.002399409376153562
157.5 107.5 0.0012919896640826874
157.5 112.5 1.8456995201181247E-4
157.5 117.5 1.8456995201181247E-4
157.5 122.5 1.8456995201181247E-4
157.5 127.5 1.8456995201181247E-4
157.5 132.5 1.8456995201181247E-4
157.5 137.5 1.8456995201181247E-4
157.5 142.5 3.6913990402362494E-4
157.5 147.5 0.0016611295681063123
157.5 152.5 0.0033222591362126247
157.5 157.5 0.0036913990402362494
157.5 162.5 0.003875968992248062
157.5 167.5 0.004060538944259874
157.5 172.5 0.005906238464377999
157.5 177.5 0.008674787744555186
162.5 2.5 0.048726467331118496
162.5 7.5 0.055924695459579184
162.5 12.5 0.062200073827980804
162.5 17.5 0.06312292358803986
162.5 22.5 0.06109265411590993
162.5 27.5 0.05370985603543743
162.5 32.5 0.04724990771502399
162.5 37.5 0.040051679586563305
162.5 42.5 0.03580657069029162
162.5 47.5 0.03451458102620893
162.5 52.5 0.03451458102620893
162.5 57.5 0.03580657069029162
162.5 62.5 0.038390550018456995
162.5 67.5 0.04152823920265781
162.5 72.5 0.04540420819490587
162.5 77.5 0.04448135843484681
162.5 82.5 0.03617571059431524
162.5 87.5 0.021040974529346623
162.5 92.5 0.012366186784791436
162.5 97.5 0.008674787744555186
162.5 102.5 0.006644518272425249
162.5 107.5 0.005537098560354375
162.5 112.5 0.004245108896271687
162.5 117.5 0.0035068290882244372
162.5 122.5 0.0022148394241417496
162.5 127.5 0.002030269472129937
162.5 132.5 0.0022148394241417496
162.5 137.5 0.0035068290882244372
162.5 142.5 0.004245108896271687
162.5 147.5 0.006090808416389812
162.5 152.5 0.008305647840531562
162.5 157.5 0.010889627168696936
162.5 162.5 0.012550756736803248
162.5 167.5 0.019933554817275746
162.5 172.5 0.03340716131413806
162.5 177.5 0.04171280915466962
167.5 2.5 0.1461794019933555
167.5 7.5 0.15171650055370986
167.5 12.5 0.14802510151347362
167.5 17.5 0.13178294573643412
167.5 22.5 0.11627906976744186
167.5 27.5 0.08970099667774087
167.5 32.5 0.07069029162052418
167.5 37.5 0.06275378368401624
167.5 42.5 0.06201550387596899
167.5 47.5 0.06570690291620525
167.5 52.5 0.07401255075673681
167.5 57.5 0.08213362864525656
167.5 62.5 0.09413067552602436
167.5 67.5 0.10686600221483943
167.5 72.5 0.11517165005537099
167.5 77.5 0.10243632336655592
167.5 82.5 0.07899593946105574
167.5 87.5 0.054817275747508304
167.5 92.5 0.03765227021040975
167.5 97.5 0.022886674049464747
167.5 102.5 0.01790328534514581
167.5 107.5 0.014027316352897749
167.5 112.5 0.012366186784791436
167.5 117.5 0.011258767072720562
167.5 122.5 0.009413067552602437
167.5 127.5 0.00904392764857881
167.5 132.5 0.009597637504614249
167.5 137.5 0.01199704688076781
167.5 142.5 0.017349575489110373
167.5 147.5 0.02823920265780731
167.5 152.5 0.04078995939461056
167.5 157.5 0.05075673680324843
167.5 162.5 0.06496862310815799
167.5 167.5 0.08693244739756367
167.5 172.5 0.11646363971945367
167.5 177.5 0.1391657438169066
172.5 2.5 0.3715393133997785
172.5 7.5 0.349390919158361
172.5 12.5 0.30841638981173863
172.5 17.5 0.2617201919527501
172.5 22.5 0.20893318567737174
172.5 27.5 0.1596530084902178
172.5 32.5 0.12236987818383167
172.5 37.5 0.1094499815430048
172.5 42.5 0.11498708010335917
172.5 47.5 0.12679955703211518
172.5 52.5 0.15227021040974528
172.5 57.5 0.17829457364341086
172.5 62.5 0.20136581764488742
172.5 67.5 0.21613141380583242
172.5 72.5 0.22093023255813954
172.5 77.5 0.20284237726098192
172.5 82.5 0.16002214839424142
172.5 87.5 0.11000369139904023
172.5 92.5 0.07050572166851236
172.5 97.5 0.05352528608342562
172.5 102.5 0.04558877814691768
172.5 107.5 0.03986710963455149
172.5 112.5 0.03617571059431524
172.5 117.5 0.03340716131413806
172.5 122.5 0.029715762273901807
172.5 127.5 0.030269472129937247
172.5 132.5 0.03580657069029162
172.5 137.5 0.04706533776301218
172.5 142.5 0.06256921373200443
172.5 147.5 0.08545588778146918
172.5 152.5 0.12033960871170174
172.5 157.5 0.16039128829826504
172.5 162.5 0.2087486157253599
172.5 167.5 0.26356589147286824
172.5 172.5 0.33499446290143964
172.5 177.5 0.3829826504245109
177.5 2.5 0.5751199704688077
177.5 7.5 0.5293466223698782
177.5 12.5 0.46271686969361386
177.5 17.5 0.41140642303433
177.5 22.5 0.3342561830933924
177.5 27.5 0.25083056478405313
177.5 32.5 0.19656699889258028
177.5 37.5 0.17220376522702105
177.5 42.5 0.17755629383536362
177.5 47.5 0.20284237726098192
177.5 52.5 0.24178663713547435
177.5 57.5 0.2870062753783684
177.5 62.5 0.316906607604282
177.5 67.5 0.3253968253968254
177.5 72.5 0.31764488741232927
177.5 77.5 0.2836840162421558
177.5 82.5 0.23292727943890734
177.5 87.5 0.17368032484311555
177.5 92.5 0.12144702842377261
177.5 97.5 0.09246954595791805
177.5 102.5 0.07715023994093761
177.5 107.5 0.06736803248431156
177.5 112.5 0.060538944259874494
177.5 117.5 0.055924695459579184
177.5 122.5 0.054817275747508304
177.5 127.5 0.05998523440383906
177.5 132.5 0.07456626061277224
177.5 137.5 0.11166482096714656
177.5 142.5 0.1613141380583241
177.5 147.5 0.21779254337393872
177.5 152.5 0.2794389073458841
177.5 157.5 0.3547434477667036
177.5 162.5 0.4339239571797711
177.5 167.5 0.5143964562569213
177.5 172.5 0.5860095976375046
177.5 177.5 0.6103728313030639
182.5 2.5 0.6415651531930602
182.5 7.5 0.6064968623108158
182.5 12.5 0.5459579180509413
182.5 17.5 0.4880029531192322
182.5 22.5 0.4248800295311923
182.5 27.5 0.3462532299741602
182.5 32.5 0.2681801402731635
182.5 37.5 0.23311184939091917
182.5 42.5 0.23440383905500184
182.5 47.5 0.2646733111849391
182.5 52.5 0.32484311554079
182.5 57.5 0.3774455518641565
182.5 62.5 0.3933185677371724
182.5 67.5 0.37929125138427466
182.5 72.5 0.3490217792543374
182.5 77.5 0.30970837947582136
182.5 82.5 0.25858250276854927
182.5 87.5 0.20653377630121816
182.5 92.5 0.16168327796234774
182.5 97.5 0.12919896640826872
182.5 102.5 0.1168327796234773
182.5 107.5 0.09837578442229605
182.5 112.5 0.08637873754152824
182.5 117.5 0.08047249907715023
182.5 122.5 0.0812107788851975
182.5 127.5 0.0946843853820598
182.5 132.5 0.1286452565522333
182.5 137.5 0.19416758951642674
182.5 142.5 0.27408637873754155
182.5 147.5 0.3715393133997785
182.5 152.5 0.4389073458840901
182.5 157.5 0.5123661867847914
182.5 162.5 0.5968992248062015
182.5 167.5 0.6491325212255444
182.5 172.5 0.683093392395718
182.5 177.5 0.6854928017718716
187.5 2.5 0.6053894425987449
187.5 7.5 0.5745662606127723
187.5 12.5 0.5370985603543743
187.5 17.5 0.5057216685123662
187.5 22.5 0.4523809523809524
187.5 27.5 0.39719453672942046
187.5 32.5 0.31893687707641194
187.5 37.5 0.26651901070505724
187.5 42.5 0.2619047619047619
187.5 47.5 0.2938353636028055
187.5 52.5 0.3519748984865264
187.5 57.5 0.39368770764119604
187.5 62.5 0.3864894795127353
187.5 67.5 0.34514581026208935
187.5 72.5 0.2956810631229236
187.5 77.5 0.2576596530084902
187.5 82.5 0.2294204503506829
187.5 87.5 0.1997046880767811
187.5 92.5 0.16832779623477298
187.5 97.5 0.1491325212255445
187.5 102.5 0.1303063861203396
187.5 107.5 0.11941675895164268
187.5 112.5 0.1064968623108158
187.5 117.5 0.09837578442229605
187.5 122.5 0.09948320413436693
187.5 127.5 0.1197858988556663
187.5 132.5 0.16555924695459578
187.5 137.5 0.24067921742340348
187.5 142.5 0.3416389811738649
187.5 147.5 0.4269102990033223
187.5 152.5 0.48781838316722037
187.5 157.5 0.5494647471391657
187.5 162.5 0.6055740125507567
187.5 167.5 0.6391657438169066
187.5 172.5 0.6602067183462532
187.5 177.5 0.6493170911775563
192.5 2.5 0.46936138796603916
192.5 7.5 0.4688076781100037
192.5 12.5 0.46105574012550754
192.5 17.5 0.45201181247692873
192.5 22.5 0.42764857881136953
192.5 27.5 0.38058324104835733
192.5 32.5 0.3104466592838686
192.5 37.5 0.25544481358434845
192.5 42.5 0.24510889627168697
192.5 47.5 0.26541159099298633
192.5 52.5 0.30952380952380953
192.5 57.5 0.3298265042451089
192.5 62.5 0.30306386120339607
192.5 67.5 0.24861572535991142
192.5 72.5 0.20062753783684018
192.5 77.5 0.17201919527500922
192.5 82.5 0.1642672572905131
192.5 87.5 0.15596160944998155
192.5 92.5 0.14304171280915468
192.5 97.5 0.1301218161683278
192.5 102.5 0.12384643779992617
192.5 107.5 0.11572535991140642
192.5 112.5 0.10335917312661498
192.5 117.5 0.09837578442229605
192.5 122.5 0.09985234403839055
192.5 127.5 0.11812476928755998
192.5 132.5 0.1596530084902178
192.5 137.5 0.22720561092654115
192.5 142.5 0.31136950904392763
192.5 147.5 0.3861203396087117
192.5 152.5 0.4230343300110742
192.5 157.5 0.4453672942045035
192.5 162.5 0.4719453672942045
192.5 167.5 0.5001845699520118
192.5 172.5 0.5101513473606497
192.5 177.5 0.5033222591362126
197.5 2.5 0.3554817275747508
197.5 7.5 0.3763381321520856
197.5 12.5 0.3748615725359911
197.5 17.5 0.36803248431155405
197.5 22.5 0.3462532299741602
197.5 27.5 0.298265042451089
197.5 32.5 0.2454780361757106
197.5 37.5 0.20431893687707642
197.5 42.5 0.19158361018826134
197.5 47.5 0.20284237726098192
197.5 52.5 0.22296050203026946
197.5 57.5 0.22849760059062385
197.5 62.5 0.20081210778885197
197.5 67.5 0.15227021040974528
197.5 72.5 0.11258767072720562
197.5 77.5 0.09505352528608342
197.5 82.5 0.09560723514211886
197.5 87.5 0.09579180509413067
197.5 92.5 0.09579180509413067
197.5 97.5 0.09560723514211886
197.5 102.5 0.09302325581395349
197.5 107.5 0.08693244739756367
197.5 112.5 0.08324104835732743
197.5 117.5 0.08213362864525656
197.5 122.5 0.082687338501292
197.5 127.5 0.09154669619785899
197.5 132.5 0.1197858988556663
197.5 137.5 0.1640826873385013
197.5 142.5 0.21096345514950166
197.5 147.5 0.25396825396825395
197.5 152.5 0.27113325950535255
197.5 157.5 0.2779623477297896
197.5 162.5 0.2870062753783684
197.5 167.5 0.299187892211148
197.5 172.5 0.3196751568844592
197.5 177.5 0.3453303802141011
202.5 2.5 0.24880029531192321
202.5 7.5 0.2606127722406792
202.5 12.5 0.2541528239202658
202.5 17.5 0.2441860465116279
202.5 22.5 0.2248062015503876
202.5 27.5 0.1982281284606866
202.5 32.5 0.1640826873385013
202.5 37.5 0.13178294573643412
202.5 42.5 0.1256921373200443
202.5 47.5 0.12827611664820968
202.5 52.5 0.13086009597637505
202.5 57.5 0.12679955703211518
202.5 62.5 0.10465116279069768
202.5 67.5 0.07475083056478406
202.5 72.5 0.055924695459579184
202.5 77.5 0.04964931709117756
202.5 82.5 0.05094130675526024
202.5 87.5 0.052417866371354746
202.5 92.5 0.05444813584348468
202.5 97.5 0.05740125507567368
202.5 102.5 0.058508674787744554
202.5 107.5 0.059800664451827246
202.5 112.5 0.060538944259874494
202.5 117.5 0.060538944259874494
202.5 122.5 0.060538944259874494
202.5 127.5 0.06275378368401624
202.5 132.5 0.07364341085271318
202.5 137.5 0.09228497600590624
202.5 142.5 0.11757105943152454
202.5 147.5 0.13971945367294206
202.5 152.5 0.15596160944998155
202.5 157.5 0.16002214839424142
202.5 162.5 0.16482096714654854
202.5 167.5 0.17977113325950536
202.5 172.5 0.20321151716500555
202.5 177.5 0.23181985972683647
207.5 2.5 0.1644518272425249
207.5 7.5 0.165374677002584
207.5 12.5 0.15227021040974528
207.5 17.5 0.13344407530454042
207.5 22.5 0.12255444813584349
207.5 27.5 0.1094499815430048
207.5 32.5 0.08970099667774087
207.5 37.5 0.07641196013289037
207.5 42.5 0.07142857142857142
207.5 47.5 0.06995201181247693
207.5 52.5 0.06736803248431156
207.5 57.5 0.059616094499815434
207.5 62.5 0.04724990771502399
207.5 67.5 0.03451458102620893
207.5 72.5 0.02307124400147656
207.5 77.5 0.02085640457733481
207.5 82.5 0.021410114433370247
207.5 87.5 0.022886674049464747
207.5 92.5 0.02528608342561831
207.5 97.5 0.031007751937984496
207.5 102.5 0.035622000738279806
207.5 107.5 0.039128829826504244
207.5 112.5 0.04097452934662237
207.5 117.5 0.041343669250646
207.5 122.5 0.041343669250646
207.5 127.5 0.04245108896271687
207.5 132.5 0.047434477667035804
207.5 137.5 0.05297157622739018
207.5 142.5 0.06293835363602805
207.5 147.5 0.07641196013289037
207.5 152.5 0.08970099667774087
207.5 157.5 0.09837578442229605
207.5 162.5 0.11369509043927649
207.5 167.5 0.12513842746400886
207.5 172.5 0.14414913252122555
207.5 177.5 0.16149870801033592
212.5 2.5 0.09579180509413067
212.5 7.5 0.09099298634182355
212.5 12.5 0.07567368032484312
212.5 17.5 0.0651531930601698
212.5 22.5 0.06127722406792174
212.5 27.5 0.055924695459579184
212.5 32.5 0.048726467331118496
212.5 37.5 0.04392764857881137
212.5 42.5 0.04097452934662237
212.5 47.5 0.03857511997046881
212.5 52.5 0.03506829088224437
212.5 57.5 0.02528608342561831
212.5 62.5 0.017349575489110373
212.5 67.5 0.011812476928755998
212.5 72.5 0.008859357696566999
212.5 77.5 0.008305647840531562
212.5 82.5 0.008674787744555186
212.5 87.5 0.00904392764857881
212.5 92.5 0.010889627168696936
212.5 97.5 0.012366186784791436
212.5 102.5 0.016057585825027684
212.5 107.5 0.019748984865263934
212.5 112.5 0.02159468438538206
212.5 117.5 0.0221483942414175
212.5 122.5 0.022886674049464747
212.5 127.5 0.023809523809523808
212.5 132.5 0.028792912513842746
212.5 137.5 0.03451458102620893
212.5 142.5 0.04171280915466962
212.5 147.5 0.05094130675526024
212.5 152.5 0.06127722406792174
212.5 157.5 0.07032115171650055
212.5 162.5 0.07751937984496124
212.5 167.5 0.08527131782945736
212.5 172.5 0.09579180509413067
212.5 177.5 0.10280546327057954
217.5 2.5 0.050387596899224806
217.5 7.5 0.048726467331118496
217.5 12.5 0.04189737910668143
217.5 17.5 0.03728313030638612
217.5 22.5 0.03451458102620893
217.5 27.5 0.030084902177925435
217.5 32.5 0.022886674049464747
217.5 37.5 0.018826135105204873
217.5 42.5 0.017718715393133997
217.5 47.5 0.01568844592100406
217.5 52.5 0.01347360649686231
217.5 57.5 0.011627906976744186
217.5 62.5 0.008490217792543374
217.5 67.5 0.006090808416389812
217.5 72.5 0.00516795865633075
217.5 77.5 0.004245108896271687
217.5 82.5 0.004245108896271687
217.5 87.5 0.004245108896271687
217.5 92.5 0.005537098560354375
217.5 97.5 0.0070136581764488745
217.5 102.5 0.009413067552602437
217.5 107.5 0.011812476928755998
217.5 112.5 0.012366186784791436
217.5 117.5 0.012550756736803248
217.5 122.5 0.01273532668881506
217.5 127.5 0.013842746400885935
217.5 132.5 0.01568844592100406
217.5 137.5 0.018826135105204873
217.5 142.5 0.027316352897748246
217.5 147.5 0.03820598006644518
217.5 152.5 0.04595791805094131
217.5 157.5 0.051310446659283866
217.5 162.5 0.05297157622739018
217.5 167.5 0.05389442598744924
217.5 172.5 0.054817275747508304
217.5 177.5 0.055740125507567365
222.5 2.5 0.01716500553709856
222.5 7.5 0.01790328534514581
222.5 12.5 0.01568844592100406
222.5 17.5 0.014027316352897749
222.5 22.5 0.012550756736803248
222.5 27.5 0.012366186784791436
222.5 32.5 0.01107419712070875
222.5 37.5 0.009413067552602437
222.5 42.5 0.008674787744555186
222.5 47.5 0.008305647840531562
222.5 52.5 0.007567368032484312
222.5 57.5 0.006644518272425249
222.5 62.5 0.005537098560354375
222.5 67.5 0.004245108896271687
222.5 72.5 0.0036913990402362494
222.5 77.5 0.0035068290882244372
222.5 82.5 0.0033222591362126247
222.5 87.5 0.0035068290882244372
222.5 92.5 0.003875968992248062
222.5 97.5 0.00516795865633075
222.5 102.5 0.006090808416389812
222.5 107.5 0.007567368032484312
222.5 112.5 0.008305647840531562
222.5 117.5 0.008674787744555186
222.5 122.5 0.008859357696566999
222.5 127.5 0.009413067552602437
222.5 132.5 0.010889627168696936
222.5 137.5 0.01199704688076781
222.5 142.5 0.014027316352897749
222.5 147.5 0.019195275009228498
222.5 152.5 0.02454780361757106
222.5 157.5 0.029900332225913623
222.5 162.5 0.02916205241786637
222.5 167.5 0.023809523809523808
222.5 172.5 0.02085640457733481
222.5 177.5 0.019010705057216686
227.5 2.5 0.00516795865633075
227.5 7.5 0.006090808416389812
227.5 12.5 0.006644518272425249
227.5 17.5 0.006459948320413436
227.5 22.5 0.006090808416389812
227.5 27.5 0.005906238464377999
227.5 32.5 0.005537098560354375
227.5 37.5 0.00516795865633075
227.5 42.5 0.00516795865633075
227.5 47.5 0.004429678848283499
227.5 52.5 0.004245108896271687
227.5 57.5 0.003875968992248062
227.5 62.5 0.0036913990402362494
227.5 67.5 0.0035068290882244372
227.5 72.5 0.0029531192321889995
227.5 77.5 0.002399409376153562
227.5 82.5 0.002030269472129937
227.5 87.5 0.0022148394241417496
227.5 92.5 0.0033222591362126247
227.5 97.5 0.0036913990402362494
227.5 102.5 0.004245108896271687
227.5 107.5 0.00516795865633075
227.5 112.5 0.005537098560354375
227.5 117.5 0.005906238464377999
227.5 122.5 0.005906238464377999
227.5 127.5 0.006090808416389812
227.5 132.5 0.006644518272425249
227.5 137.5 0.0070136581764488745
227.5 142.5 0.008121077888519748
227.5 147.5 0.00904392764857881
227.5 152.5 0.010889627168696936
227.5 157.5 0.010889627168696936
227.5 162.5 0.009966777408637873
227.5 167.5 0.008121077888519748
227.5 172.5 0.006090808416389812
227.5 177.5 0.005537098560354375
232.5 2.5 0.0012919896640826874
232.5 7.5 0.0027685492801771874
232.5 12.5 0.0033222591362126247
232.5 17.5 0.0036913990402362494
232.5 22.5 0.0036913990402362494
232.5 27.5 0.0035068290882244372
232.5 32.5 0.0035068290882244372
232.5 37.5 0.0033222591362126247
232.5 42.5 0.0033222591362126247
232.5 47.5 0.0027685492801771874
232.5 52.5 0.0027685492801771874
232.5 57.5 0.0022148394241417496
232.5 62.5 0.002030269472129937
232.5 67.5 0.0018456995201181247
232.5 72.5 0.0016611295681063123
232.5 77.5 0.0016611295681063123
232.5 82.5 0.0016611295681063123
232.5 87.5 0.0016611295681063123
232.5 92.5 0.002030269472129937
232.5 97.5 0.0027685492801771874
232.5 102.5 0.0035068290882244372
232.5 107.5 0.0036913990402362494
232.5 112.5 0.003875968992248062
232.5 117.5 0.004060538944259874
232.5 122.5 0.004060538944259874
232.5 127.5 0.004060538944259874
232.5 132.5 0.004245108896271687
232.5 137.5 0.004245108896271687
232.5 142.5 0.00516795865633075
232.5 147.5 0.00516795865633075
232.5 152.5 0.00516795865633075
232.5 157.5 0.00516795865633075
232.5 162.5 0.004245108896271687
232.5 167.5 0.003875968992248062
232.5 172.5 0.0033222591362126247
232.5 177.5 0.002030269472129937
237.5 2.5 1.8456995201181247E-4
237.5 7.5 7.382798080472499E-4
237.5 12.5 0.0012919896640826874
237.5 17.5 0.0012919896640826874
237.5 22.5 0.0018456995201181247
237.5 27.5 0.002030269472129937
237.5 32.5 0.002030269472129937
237.5 37.5 0.0018456995201181247
237.5 42.5 0.0016611295681063123
237.5 47.5 0.0012919896640826874
237.5 52.5 0.0012919896640826874
237.5 57.5 0.0012919896640826874
237.5 62.5 0.0012919896640826874
237.5 67.5 0.0012919896640826874
237.5 72.5 0.0012919896640826874
237.5 77.5 0.0012919896640826874
237.5 82.5 0.0012919896640826874
237.5 87.5 0.0012919896640826874
237.5 92.5 0.0016611295681063123
237.5 97.5 0.0016611295681063123
237.5 102.5 0.002030269472129937
237.5 107.5 0.0027685492801771874
237.5 112.5 0.0033222591362126247
237.5 117.5 0.0035068290882244372
237.5 122.5 0.0035068290882244372
237.5 127.5 0.0033222591362126247
237.5 132.5 0.0033222591362126247
237.5 137.5 0.0035068290882244372
237.5 142.5 0.0035068290882244372
237.5 147.5 0.0036913990402362494
237.5 152.5 0.003875968992248062
237.5 157.5 0.003875968992248062
237.5 162.5 0.003875968992248062
237.5 167.5 0.0035068290882244372
237.5 172.5 0.002030269472129937
237.5 177.5 0.0012919896640826874
242.5 2.5 0.0012919896640826874
242.5 7.5 0.002030269472129937
242.5 12.5 0.002030269472129937
242.5 17.5 0.002030269472129937
242.5 22.5 0.0022148394241417496
242.5 27.5 0.0022148394241417496
242.5 32.5 0.0022148394241417496
242.5 37.5 0.002030269472129937
242.5 42.5 0.0012919896640826874
242.5 47.5 0.0012919896640826874
242.5 52.5 7.382798080472499E-4
242.5 57.5 5.537098560354374E-4
242.5 62.5 5.537098560354374E-4
242.5 67.5 5.537098560354374E-4
242.5 72.5 9.228497600590623E-4
242.5 77.5 0.0012919896640826874
242.5 82.5 0.0012919896640826874
242.5 87.5 0.0012919896640826874
242.5 92.5 0.0014765596160944998
242.5 97.5 0.0016611295681063123
242.5 102.5 0.0016611295681063123
242.5 107.5 0.002030269472129937
242.5 112.5 0.002030269472129937
242.5 117.5 0.002030269472129937
242.5 122.5 0.002030269472129937
242.5 127.5 0.002030269472129937
242.5 132.5 0.002030269472129937
242.5 137.5 0.0027685492801771874
242.5 142.5 0.0033222591362126247
242.5 147.5 0.0036913990402362494
242.5 152.5 0.004060538944259874
242.5 157.5 0.004245108896271687
242.5 162.5 0.004245108896271687
242.5 167.5 0.004060538944259874
242.5 172.5 0.0036913990402362494
242.5 177.5 0.0033222591362126247
247.5 2.5 0.004245108896271687
247.5 7.5 0.00516795865633075
247.5 12.5 0.004614248800295312
247.5 17.5 0.004245108896271687
247.5 22.5 0.004060538944259874
247.5 27.5 0.003875968992248062
247.5 32.5 0.0036913990402362494
247.5 37.5 0.0035068290882244372
247.5 42.5 0.0027685492801771874
247.5 47.5 0.0016611295681063123
247.5 52.5 0.0012919896640826874
247.5 57.5 7.382798080472499E-4
247.5 62.5 5.537098560354374E-4
247.5 67.5 5.537098560354374E-4
247.5 72.5 7.382798080472499E-4
247.5 77.5 0.0012919896640826874
247.5 82.5 0.0012919896640826874
247.5 87.5 0.0016611295681063123
247.5 92.5 0.0016611295681063123
247.5 97.5 0.002030269472129937
247.5 102.5 0.002030269472129937
247.5 107.5 0.002030269472129937
247.5 112.5 0.002030269472129937
247.5 117.5 0.002030269472129937
247.5 122.5 0.002030269472129937
247.5 127.5 0.0022148394241417496
247.5 132.5 0.0027685492801771874
247.5 137.5 0.0035068290882244372
247.5 142.5 0.003875968992248062
247.5 147.5 0.00516795865633075
247.5 152.5 0.006090808416389812
247.5 157.5 0.0068290882244370615
247.5 162.5 0.007751937984496124
247.5 167.5 0.007567368032484312
247.5 172.5 0.006644518272425249
247.5 177.5 0.005906238464377999
252.5 2.5 0.011443337024732374
252.5 7.5 0.011627906976744186
252.5 12.5 0.010889627168696936
252.5 17.5 0.009413067552602437
252.5 22.5 0.008121077888519748
252.5 27.5 0.006644518272425249
252.5 32.5 0.005537098560354375
252.5 37.5 0.0049833887043189366
252.5 42.5 0.003875968992248062
252.5 47.5 0.0035068290882244372
252.5 52.5 0.002030269472129937
252.5 57.5 0.0012919896640826874
252.5 62.5 0.0011074197120708748
252.5 67.5 9.228497600590623E-4
252.5 72.5 0.0012919896640826874
252.5 77.5 0.0012919896640826874
252.5 82.5 0.0018456995201181247
252.5 87.5 0.0022148394241417496
252.5 92.5 0.0027685492801771874
252.5 97.5 0.0033222591362126247
252.5 102.5 0.0033222591362126247
252.5 107.5 0.0035068290882244372
252.5 112.5 0.0035068290882244372
252.5 117.5 0.0036913990402362494
252.5 122.5 0.0036913990402362494
252.5 127.5 0.003875968992248062
252.5 132.5 0.004060538944259874
252.5 137.5 0.00516795865633075
252.5 142.5 0.006090808416389812
252.5 147.5 0.008121077888519748
252.5 152.5 0.010889627168696936
252.5 157.5 0.012366186784791436
252.5 162.5 0.014027316352897749
252.5 167.5 0.014765596160944998
252.5 172.5 0.014396456256921373
252.5 177.5 0.013104466592838687
257.5 2.5 0.032668881506090805
257.5 7.5 0.03229974160206718
257.5 12.5 0.026208933185677373
257.5 17.5 0.020302694721299374
257.5 22.5 0.01568844592100406
257.5 27.5 0.01199704688076781
257.5 32.5 0.00904392764857881
257.5 37.5 0.0070136581764488745
257.5 42.5 0.005537098560354375
257.5 47.5 0.004245108896271687
257.5 52.5 0.0036913990402362494
257.5 57.5 0.0027685492801771874
257.5 62.5 0.0016611295681063123
257.5 67.5 0.0016611295681063123
257.5 72.5 0.0016611295681063123
257.5 77.5 0.0022148394241417496
257.5 82.5 0.0033222591362126247
257.5 87.5 0.0036913990402362494
257.5 92.5 0.003875968992248062
257.5 97.5 0.004060538944259874
257.5 102.5 0.004245108896271687
257.5 107.5 0.004614248800295312
257.5 112.5 0.00516795865633075
257.5 117.5 0.005537098560354375
257.5 122.5 0.005906238464377999
257.5 127.5 0.006644518272425249
257.5 132.5 0.007751937984496124
257.5 137.5 0.008674787744555186
257.5 142.5 0.01107419712070875
257.5 147.5 0.01273532668881506
257.5 152.5 0.01845699520118125
257.5 157.5 0.023809523809523808
257.5 162.5 0.032668881506090805
257.5 167.5 0.035622000738279806
257.5 172.5 0.03783684016242156
257.5 177.5 0.03802141011443337
262.5 2.5 0.05832410483573274
262.5 7.5 0.055924695459579184
262.5 12.5 0.05020302694721299
262.5 17.5 0.04337393872277593
262.5 22.5 0.03340716131413806
262.5 27.5 0.02011812476928756
262.5 32.5 0.013289036544850499
262.5 37.5 0.010889627168696936
262.5 42.5 0.008121077888519748
262.5 47.5 0.006090808416389812
262.5 52.5 0.004429678848283499
262.5 57.5 0.0036913990402362494
262.5 62.5 0.0033222591362126247
262.5 67.5 0.0033222591362126247
262.5 72.5 0.0035068290882244372
262.5 77.5 0.003875968992248062
262.5 82.5 0.004245108896271687
262.5 87.5 0.00516795865633075
262.5 92.5 0.005537098560354375
262.5 97.5 0.005906238464377999
262.5 102.5 0.006644518272425249
262.5 107.5 0.007751937984496124
262.5 112.5 0.00904392764857881
262.5 117.5 0.010889627168696936
262.5 122.5 0.01199704688076781
262.5 127.5 0.012550756736803248
262.5 132.5 0.014765596160944998
262.5 137.5 0.017349575489110373
262.5 142.5 0.018826135105204873
262.5 147.5 0.02454780361757106
262.5 152.5 0.03617571059431524
262.5 157.5 0.047434477667035804
262.5 162.5 0.055924695459579184
262.5 167.5 0.06496862310815799
262.5 172.5 0.06884459210040605
262.5 177.5 0.06681432262827612
267.5 2.5 0.12624584717607973
267.5 7.5 0.11332595053525286
267.5 12.5 0.08767072720561092
267.5 17.5 0.06829088224437062
267.5 22.5 0.052417866371354746
267.5 27.5 0.03802141011443337
267.5 32.5 0.020671834625323
267.5 37.5 0.013289036544850499
267.5 42.5 0.010889627168696936
267.5 47.5 0.007751937984496124
267.5 52.5 0.005906238464377999
267.5 57.5 0.004614248800295312
267.5 62.5 0.004060538944259874
267.5 67.5 0.004245108896271687
267.5 72.5 0.00516795865633075
267.5 77.5 0.005537098560354375
267.5 82.5 0.006459948320413436
267.5 87.5 0.007567368032484312
267.5 92.5 0.008490217792543374
267.5 97.5 0.009597637504614249
267.5 102.5 0.011627906976744186
267.5 107.5 0.013289036544850499
267.5 112.5 0.017349575489110373
267.5 117.5 0.019933554817275746
267.5 122.5 0.02307124400147656
267.5 127.5 0.02823920265780731
267.5 132.5 0.03229974160206718
267.5 137.5 0.03488372093023256
267.5 142.5 0.03857511997046881
267.5 147.5 0.047434477667035804
267.5 152.5 0.06496862310815799
267.5 157.5 0.09597637504614248
267.5 162.5 0.1303063861203396
267.5 167.5 0.15946843853820597
267.5 172.5 0.1626061277224068
267.5 177.5 0.15356220007382798
272.5 2.5 0.2781469176818014
272.5 7.5 0.22185308231819859
272.5 12.5 0.162421557770395
272.5 17.5 0.11554078995939461
272.5 22.5 0.07419712070874862
272.5 27.5 0.0518641565153193
272.5 32.5 0.03359173126614987
272.5 37.5 0.01790328534514581
272.5 42.5 0.012366186784791436
272.5 47.5 0.00904392764857881
272.5 52.5 0.006644518272425249
272.5 57.5 0.005906238464377999
272.5 62.5 0.005537098560354375
272.5 67.5 0.006090808416389812
272.5 72.5 0.0070136581764488745
272.5 77.5 0.008305647840531562
272.5 82.5 0.009966777408637873
272.5 87.5 0.01199704688076781
272.5 92.5 0.01347360649686231
272.5 97.5 0.017718715393133997
272.5 102.5 0.02177925433739387
272.5 107.5 0.030269472129937247
272.5 112.5 0.037467700258397935
272.5 117.5 0.042820228866740494
272.5 122.5 0.04798818752307124
272.5 127.5 0.05278700627537837
272.5 132.5 0.060538944259874494
272.5 137.5 0.06773717238833518
272.5 142.5 0.0769656699889258
272.5 147.5 0.10465116279069768
272.5 152.5 0.1640826873385013
272.5 157.5 0.24455518641565152
272.5 162.5 0.32318198597268366
272.5 167.5 0.36895533407161313
272.5 172.5 0.4003322259136213
272.5 177.5 0.37024732373569585
277.5 2.5 0.5001845699520118
277.5 7.5 0.36895533407161313
277.5 12.5 0.2382798080472499
277.5 17.5 0.15725359911406422
277.5 22.5 0.09579180509413067
277.5 27.5 0.06256921373200443
277.5 32.5 0.04097452934662237
277.5 37.5 0.02159468438538206
277.5 42.5 0.01273532668881506
277.5 47.5 0.010151347360649687
277.5 52.5 0.007936507936507936
277.5 57.5 0.0070136581764488745
277.5 62.5 0.007382798080472499
277.5 67.5 0.008305647840531562
277.5 72.5 0.010151347360649687
277.5 77.5 0.012181616832779624
277.5 82.5 0.014765596160944998
277.5 87.5 0.019933554817275746
277.5 92.5 0.028054632705795498
277.5 97.5 0.0369139904023625
277.5 102.5 0.04540420819490587
277.5 107.5 0.055740125507567365
277.5 112.5 0.06976744186046512
277.5 117.5 0.08951642672572906
277.5 122.5 0.10963455149501661
277.5 127.5 0.12532299741602068
277.5 132.5 0.15356220007382798
277.5 137.5 0.18161683277962348
277.5 142.5 0.21945367294204504
277.5 147.5 0.28294573643410853
277.5 152.5 0.4049464747139166
277.5 157.5 0.5579549649317092
277.5 162.5 0.6520856404577334
277.5 167.5 0.6904761904761905
277.5 172.5 0.6945367294204503
277.5 177.5 0.6517165005537099
282.5 2.5 0.6430417128091547
282.5 7.5 0.44868955334071614
282.5 12.5 0.28054632705795496
282.5 17.5 0.17201919527500922
282.5 22.5 0.1020671834625323
282.5 27.5 0.06496862310815799
282.5 32.5 0.04245108896271687
282.5 37.5 0.022886674049464747
282.5 42.5 0.01273532668881506
282.5 47.5 0.0103359173126615
282.5 52.5 0.008490217792543374
282.5 57.5 0.008490217792543374
282.5 62.5 0.009413067552602437
282.5 67.5 0.011627906976744186
282.5 72.5 0.01347360649686231
282.5 77.5 0.01790328534514581
282.5 82.5 0.02454780361757106
282.5 87.5 0.038390550018456995
282.5 92.5 0.04891103728313031
282.5 97.5 0.06349206349206349
282.5 102.5 0.08250276854928018
282.5 107.5 0.11590992986341823
282.5 112.5 0.15596160944998155
282.5 117.5 0.20044296788482835
282.5 122.5 0.2355112587670727
282.5 127.5 0.27260981912144705
282.5 132.5 0.3385012919896641
282.5 137.5 0.41159099298634183
282.5 142.5 0.47858988556662974
282.5 147.5 0.5849021779254338
282.5 152.5 0.6943521594684385
282.5 157.5 0.7929125138427464
282.5 162.5 0.8567737172388336
282.5 167.5 0.8776301218161683
282.5 172.5 0.8482834994462901
282.5 177.5 0.7748246585455888
287.5 2.5 0.6458102620893319
287.5 7.5 0.44019933554817275
287.5 12.5 0.25544481358434845
287.5 17.5 0.15227021040974528
287.5 22.5 0.08803986710963455
287.5 27.5 0.05758582502768549
287.5 32.5 0.03857511997046881
287.5 37.5 0.020302694721299374
287.5 42.5 0.012366186784791436
287.5 47.5 0.009966777408637873
287.5 52.5 0.00904392764857881
287.5 57.5 0.0103359173126615
287.5 62.5 0.012181616832779624
287.5 67.5 0.015134736064968624
287.5 72.5 0.019933554817275746
287.5 77.5 0.028608342561830934
287.5 82.5 0.04097452934662237
287.5 87.5 0.055924695459579184
287.5 92.5 0.07825765965300849
287.5 97.5 0.11461794019933555
287.5 102.5 0.15596160944998155
287.5 107.5 0.20893318567737174
287.5 112.5 0.2809154669619786
287.5 117.5 0.36175710594315247
287.5 122.5 0.42617201919527503
287.5 127.5 0.5051679586563308
287.5 132.5 0.5921004060538945
287.5 137.5 0.651531930601698
287.5 142.5 0.7000738279808048
287.5 147.5 0.7583979328165374
287.5 152.5 0.8329641934293097
287.5 157.5 0.9294942783314877
287.5 162.5 1.0
287.5 167.5 0.9979697305278701
287.5 172.5 0.9150978220745662
287.5 177.5 0.798265042451089
292.5 2.5 0.5077519379844961
292.5 7.5 0.3298265042451089
292.5 12.5 0.18401624215577703
292.5 17.5 0.10280546327057954
292.5 22.5 0.06386120339608711
292.5 27.5 0.04466592838685862
292.5 32.5 0.02823920265780731
292.5 37.5 0.01568844592100406
292.5 42.5 0.011258767072720562
292.5 47.5 0.00904392764857881
292.5 52.5 0.009413067552602437
292.5 57.5 0.01199704688076781
292.5 62.5 0.014396456256921373
292.5 67.5 0.019748984865263934
292.5 72.5 0.028423772609819122
292.5 77.5 0.039313399778516056
292.5 82.5 0.052417866371354746
292.5 87.5 0.07438169066076043
292.5 92.5 0.11461794019933555
292.5 97.5 0.16168327796234774
292.5 102.5 0.21982281284606867
292.5 107.5 0.30417128091546697
292.5 112.5 0.41159099298634183
292.5 117.5 0.502953119232189
292.5 122.5 0.6018826135105205
292.5 127.5 0.6747877445551864
292.5 132.5 0.7109634551495017
292.5 137.5 0.7427094868955334
292.5 142.5 0.7788851974898486
292.5 147.5 0.8222591362126246
292.5 152.5 0.8776301218161683
292.5 157.5 0.9387227759320783
292.5 162.5 0.9715762273901809
292.5 167.5 0.9306016980435585
292.5 172.5 0.8383167220376523
292.5 177.5 0.7118863049095607
297.5 2.5 0.2866371354743448
297.5 7.5 0.18530823181985973
297.5 12.5 0.10040605389442599
297.5 17.5 0.059800664451827246
297.5 22.5 0.04189737910668143
297.5 27.5 0.02768549280177187
297.5 32.5 0.017349575489110373
297.5 37.5 0.01199704688076781
297.5 42.5 0.008674787744555186
297.5 47.5 0.008305647840531562
297.5 52.5 0.009597637504614249
297.5 57.5 0.012366186784791436
297.5 62.5 0.017349575489110373
297.5 67.5 0.02307124400147656
297.5 72.5 0.034699150978220746
297.5 77.5 0.04558877814691768
297.5 82.5 0.05998523440383906
297.5 87.5 0.08305647840531562
297.5 92.5 0.12513842746400886
297.5 97.5 0.1821705426356589
297.5 102.5 0.2502768549280177
297.5 107.5 0.34662236987818384
297.5 112.5 0.4453672942045035
297.5 117.5 0.5568475452196382
297.5 122.5 0.6454411221853082
297.5 127.5 0.6998892580287929
297.5 132.5 0.7284976005906239
297.5 137.5 0.7397563676633444
297.5 142.5 0.7547065337763013
297.5 147.5 0.7827611664820967
297.5 152.5 0.8034330011074197
297.5 157.5 0.8104466592838686
297.5 162.5 0.7973421926910299
297.5 167.5 0.7504614248800295
297.5 172.5 0.6618678479143596
297.5 177.5 0.4689922480620155
302.5 2.5 0.12236987818383167
302.5 7.5 0.07918050941306755
302.5 12.5 0.04964931709117756
302.5 17.5 0.032668881506090805
302.5 22.5 0.018826135105204873
302.5 27.5 0.01273532668881506
302.5 32.5 0.010889627168696936
302.5 37.5 0.007751937984496124
302.5 42.5 0.006644518272425249
302.5 47.5 0.006644518272425249
302.5 52.5 0.008674787744555186
302.5 57.5 0.012366186784791436
302.5 62.5 0.017349575489110373
302.5 67.5 0.023624953857511996
302.5 72.5 0.03580657069029162
302.5 77.5 0.04595791805094131
302.5 82.5 0.058508674787744554
302.5 87.5 0.07678110003691399
302.5 92.5 0.11480251015134736
302.5 97.5 0.16482096714654854
302.5 102.5 0.22757475083056478
302.5 107.5 0.2997416020671835
302.5 112.5 0.3968253968253968
302.5 117.5 0.4760059062384644
302.5 122.5 0.5749354005167958
302.5 127.5 0.6336286452565523
302.5 132.5 0.6546696197858989
302.5 137.5 0.6375046142488003
302.5 142.5 0.626984126984127
302.5 147.5 0.6315983757844224
302.5 152.5 0.6295681063122923
302.5 157.5 0.6026208933185677
302.5 162.5 0.5295311923218899
302.5 167.5 0.4315245478036176
302.5 172.5 0.3047249907715024
302.5 177.5 0.2011812476928756
307.5 2.5 0.04724990771502399
307.5 7.5 0.03599114064230343
307.5 12.5 0.019748984865263934
307.5 17.5 0.012366186784791436
307.5 22.5 0.009413067552602437
307.5 27.5 0.007751937984496124
307.5 32.5 0.006090808416389812
307.5 37.5 0.00516795865633075
307.5 42.5 0.0049833887043189366
307.5 47.5 0.005537098560354375
307.5 52.5 0.007567368032484312
307.5 57.5 0.010889627168696936
307.5 62.5 0.014765596160944998
307.5 67.5 0.02085640457733481
307.5 72.5 0.031746031746031744
307.5 77.5 0.04097452934662237
307.5 82.5 0.04964931709117756
307.5 87.5 0.06127722406792174
307.5 92.5 0.07918050941306755
307.5 97.5 0.11886304909560723
307.5 102.5 0.1640826873385013
307.5 107.5 0.20468807678110004
307.5 112.5 0.2502768549280177
307.5 117.5 0.30970837947582136
307.5 122.5 0.37172388335179035
307.5 127.5 0.41805094130675524
307.5 132.5 0.42414174972314506
307.5 137.5 0.39461055740125506
307.5 142.5 0.34976005906238467
307.5 147.5 0.3183831672203765
307.5 152.5 0.28349944629014395
307.5 157.5 0.23717238833517904
307.5 162.5 0.19139904023624954
307.5 167.5 0.14414913252122555
307.5 172.5 0.09431524547803617
307.5 177.5 0.06275378368401624
312.5 2.5 0.014027316352897749
312.5 7.5 0.011812476928755998
312.5 12.5 0.008305647840531562
312.5 17.5 0.006090808416389812
312.5 22.5 0.005537098560354375
312.5 27.5 0.004429678848283499
312.5 32.5 0.003875968992248062
312.5 37.5 0.0036913990402362494
312.5 42.5 0.0036913990402362494
312.5 47.5 0.004060538944259874
312.5 52.5 0.005906238464377999
312.5 57.5 0.008305647840531562
312.5 62.5 0.01199704688076781
312.5 67.5 0.01568844592100406
312.5 72.5 0.021410114433370247
312.5 77.5 0.030269472129937247
312.5 82.5 0.03820598006644518
312.5 87.5 0.04448135843484681
312.5 92.5 0.05149501661129568
312.5 97.5 0.06736803248431156
312.5 102.5 0.09283868586194167
312.5 107.5 0.11627906976744186
312.5 112.5 0.12679955703211518
312.5 117.5 0.14156515319306018
312.5 122.5 0.15614617940199335
312.5 127.5 0.17681801402731634
312.5 132.5 0.18420081210778885
312.5 137.5 0.17478774455518642
312.5 142.5 0.14802510151347362
312.5 147.5 0.12403100775193798
312.5 152.5 0.10280546327057954
312.5 157.5 0.07622739018087855
312.5 162.5 0.05758582502768549
312.5 167.5 0.04189737910668143
312.5 172.5 0.026208933185677373
312.5 177.5 0.01790328534514581
317.5 2.5 0.00516795865633075
317.5 7.5 0.004060538944259874
317.5 12.5 0.0036913990402362494
317.5 17.5 0.0033222591362126247
317.5 22.5 0.0029531192321889995
317.5 27.5 0.0027685492801771874
317.5 32.5 0.002030269472129937
317.5 37.5 0.0016611295681063123
317.5 42.5 0.0016611295681063123
317.5 47.5 0.0027685492801771874
317.5 52.5 0.003875968992248062
317.5 57.5 0.005906238464377999
317.5 62.5 0.008121077888519748
317.5 67.5 0.010889627168696936
317.5 72.5 0.012550756736803248
317.5 77.5 0.015873015873015872
317.5 82.5 0.019195275009228498
317.5 87.5 0.022886674049464747
317.5 92.5 0.02823920265780731
317.5 97.5 0.038390550018456995
317.5 102.5 0.04891103728313031
317.5 107.5 0.059800664451827246
317.5 112.5 0.062200073827980804
317.5 117.5 0.059800664451827246
317.5 122.5 0.055924695459579184
317.5 127.5 0.05758582502768549
317.5 132.5 0.062200073827980804
317.5 137.5 0.06109265411590993
317.5 142.5 0.05370985603543743
317.5 147.5 0.047619047619047616
317.5 152.5 0.039128829826504244
317.5 157.5 0.024732373569582872
317.5 162.5 0.01568844592100406
317.5 167.5 0.010889627168696936
317.5 172.5 0.006644518272425249
317.5 177.5 0.005721668512366187
322.5 2.5 3.6913990402362494E-4
322.5 7.5 1.8456995201181247E-4
322.5 12.5 1.8456995201181247E-4
322.5 17.5 3.6913990402362494E-4
322.5 22.5 3.6913990402362494E-4
322.5 27.5 3.6913990402362494E-4
322.5 32.5 3.6913990402362494E-4
322.5 37.5 1.8456995201181247E-4
322.5 42.5 1.8456995201181247E-4
322.5 47.5 7.382798080472499E-4
322.5 52.5 0.002030269472129937
322.5 57.5 0.0036913990402362494
322.5 62.5 0.00516795865633075
322.5 67.5 0.006090808416389812
322.5 72.5 0.007382798080472499
322.5 77.5 0.008490217792543374
322.5 82.5 0.00904392764857881
322.5 87.5 0.009966777408637873
322.5 92.5 0.01107419712070875
322.5 97.5 0.012366186784791436
322.5 102.5 0.01864156515319306
322.5 107.5 0.026208933185677373
322.5 112.5 0.029715762273901807
322.5 117.5 0.02454780361757106
322.5 122.5 0.02177925433739387
322.5 127.5 0.02085640457733481
322.5 132.5 0.02085640457733481
322.5 137.5 0.01864156515319306
322.5 142.5 0.014950166112956811
322.5 147.5 0.012366186784791436
322.5 152.5 0.00904392764857881
322.5 157.5 0.006644518272425249
322.5 162.5 0.00516795865633075
322.5 167.5 0.0036913990402362494
322.5 172.5 0.0016611295681063123
322.5 177.5 9.228497600590623E-4
327.5 2.5 0.0
327.5 7.5 0.0
327.5 12.5 1.8456995201181247E-4
327.5 17.5 1.8456995201181247E-4
327.5 22.5 1.8456995201181247E-4
327.5 27.5 1.8456995201181247E-4
327.5 32.5 1.8456995201181247E-4
327.5 37.5 1.8456995201181247E-4
327.5 42.5 1.8456995201181247E-4
327.5 47.5 1.8456995201181247E-4
327.5 52.5 3.6913990402362494E-4
327.5 57.5 0.0012919896640826874
327.5 62.5 0.0027685492801771874
327.5 67.5 0.0035068290882244372
327.5 72.5 0.0036913990402362494
327.5 77.5 0.003875968992248062
327.5 82.5 0.004060538944259874
327.5 87.5 0.004060538944259874
327.5 92.5 0.004245108896271687
327.5 97.5 0.00516795865633075
327.5 102.5 0.005906238464377999
327.5 107.5 0.007751937984496124
327.5 112.5 0.008490217792543374
327.5 117.5 0.008305647840531562
327.5 122.5 0.007567368032484312
327.5 127.5 0.0068290882244370615
327.5 132.5 0.005906238464377999
327.5 137.5 0.00516795865633075
327.5 142.5 0.003875968992248062
327.5 147.5 0.0036913990402362494
327.5 152.5 0.0035068290882244372
327.5 157.5 0.0027685492801771874
327.5 162.5 0.0012919896640826874
327.5 167.5 1.8456995201181247E-4
327.5 172.5 1.8456995201181247E-4
327.5 177.5 0.0
332.5 2.5 0.0
332.5 7.5 0.0
332.5 12.5 0.0
332.5 17.5 0.0
332.5 22.5 0.0
332.5 27.5 1.8456995201181247E-4
332.5 32.5 1.8456995201181247E-4
332.5 37.5 1.8456995201181247E-4
332.5 42.5 1.8456995201181247E-4
332.5 47.5 1.8456995201181247E-4
332.5 52.5 1.8456995201181247E-4
332.5 57.5 1.8456995201181247E-4
332.5 62.5 1.8456995201181247E-4
332.5 67.5 3.6913990402362494E-4
332.5 72.5 7.382798080472499E-4
332.5 77.5 9.228497600590623E-4
332.5 82.5 0.0012919896640826874
332.5 87.5 0.0012919896640826874
332.5 92.5 0.0012919896640826874
332.5 97.5 0.0016611295681063123
332.5 102.5 0.0022148394241417496
332.5 107.5 0.0035068290882244372
332.5 112.5 0.0036913990402362494
332.5 117.5 0.0036913990402362494
332.5 122.5 0.0035068290882244372
332.5 127.5 0.0027685492801771874
332.5 132.5 0.0012919896640826874
332.5 137.5 1.8456995201181247E-4
332.5 142.5 1.8456995201181247E-4
332.5 147.5 1.8456995201181247E-4
332.5 152.5 1.8456995201181247E-4
332.5 157.5 1.8456995201181247E-4
332.5 162.5 0.0
332.5 167.5 0.0
332.5 172.5 0.0
332.5 177.5 0.0
337.5 2.5 0.0
337.5 7.5 0.0
337.5 12.5 0.0
337.5 17.5 0.0
337.5 22.5 0.0
337.5 27.5 0.0
337.5 32.5 0.0
337.5 37.5 0.0
337.5 42.5 0.0
337.5 47.5 0.0
337.5 52.5 0.0
337.5 57.5 1.8456995201181247E-4
337.5 62.5 1.8456995201181247E-4
337.5 67.5 1.8456995201181247E-4
337.5 72.5 1.8456995201181247E-4
337.5 77.5 1.8456995201181247E-4
337.5 82.5 1.8456995201181247E-4
337.5 87.5 1.8456995201181247E-4
337.5 92.5 1.8456995201181247E-4
337.5 97.5 1.8456995201181247E-4
337.5 102.5 3.6913990402362494E-4
337.5 107.5 3.6913990402362494E-4
337.5 112.5 5.537098560354374E-4
337.5 117.5 3.6913990402362494E-4
337.5 122.5 1.8456995201181247E-4
337.5 127.5 1.8456995201181247E-4
337.5 132.5 1.8456995201181247E-4
337.5 137.5 0.0
337.5 142.5 0.0
337.5 147.5 0.0
337.5 152.5 0.0
337.5 157.5 0.0
337.5 162.5 0.0
337.5 167.5 0.0
337.5 172.5 0.0
337.5 177.5 0.0
342.5 2.5 0.0
342.5 7.5 0.0
342.5 12.5 0.0
342.5 17.5 0.0
342.5 22.5 0.0
342.5 27.5 0.0
342.5 32.5 0.0
342.5 37.5 0.0
342.5 42.5 0.0
342.5 47.5 0.0
342.5 52.5 0.0
342.5 57.5 0.0
342.5 62.5 0.0
342.5 67.5 0.0
342.5 72.5 1.8456995201181247E-4
342.5 77.5 1.8456995201181247E-4
342.5 82.5 1.8456995201181247E-4
342.5 87.5 1.8456995201181247E-4
342.5 92.5 1.8456995201181247E-4
342.5 97.5 1.8456995201181247E-4
342.5 102.5 1.8456995201181247E-4
342.5 107.5 1.8456995201181247E-4
342.5 112.5 1.8456995201181247E-4
342.5 117.5 1.8456995201181247E-4
342.5 122.5 1.8456995201181247E-4
342.5 127.5 0.0
342.5 132.5 0.0
342.5 137.5 0.0
342.5 142.5 0.0
342.5 147.5 0.0
342.5 152.5 0.0
342.5 157.5 0.0
342.5 162.5 0.0
342.5 167.5 0.0
342.5 172.5 0.0
342.5 177.5 0.0
347.5 2.5 0.0
347.5 7.5 0.0
347.5 12.5 0.0
347.5 17.5 0.0
347.5 22.5 0.0
347.5 27.5 0.0
347.5 32.5 0.0
347.5 37.5 0.0
347.5 42.5 0.0
347.5 47.5 0.0
347.5 52.5 0.0
347.5 57.5 0.0
347.5 62.5 0.0
347.5 67.5 0.0
347.5 72.5 0.0
347.5 77.5 0.0
347.5 82.5 0.0
347.5 87.5 0.0
347.5 92.5 0.0
347.5 97.5 0.0
347.5 102.5 0.0
347.5 107.5 0.0
347.5 112.5 0.0
347.5 117.5 0.0
347.5 122.5 0.0
347.5 127.5 0.0
347.5 132.5 0.0
347.5 137.5 0.0
347.5 142.5 0.0
347.5 147.5 0.0
347.5 152.5 0.0
347.5 157.5 0.0
347.5 162.5 0.0
347.5 167.5 0.0
347.5 172.5 0.0
347.5 177.5 0.0
352.5 2.5 0.0
352.5 7.5 0.0
352.5 12.5 0.0
352.5 17.5 0.0
352.5 22.5 0.0
352.5 27.5 0.0
352.5 32.5 0.0
352.5 37.5 0.0
352.5 42.5 0.0
352.5 47.5 0.0
352.5 52.5 0.0
352.5 57.5 0.0
352.5 62.5 0.0
352.5 67.5 0.0
352.5 72.5 0.0
352.5 77.5 0.0
352.5 82.5 0.0
352.5 87.5 0.0
352.5 92.5 0.0
352.5 97.5 0.0
352.5 102.5 0.0
352.5 107.5 0.0
352.5 112.5 0.0
352.5 117.5 0.0
352.5 122.5 0.0
352.5 127.5 0.0
352.5 132.5 0.0
352.5 137.5 0.0
352.5 142.5 0.0
352.5 147.5 0.0
352.5 152.5 0.0
352.5 157.5 0.0
352.5 162.5 0.0
352.5 167.5 0.0
352.5 172.5 0.0
352.5 177.5 0.0
357.5 2.5 0.0
357.5 7.5 0.0
357.5 12.5 0.0
357.5 17.5 0.0
357.5 22.5 0.0
357.5 27.5 0.0
357.5 32.5 0.0
357.5 37.5 0.0
357.5 42.5 0.0
357.5 47.5 0.0
357.5 52.5 0.0
357.5 57.5 0.0
357.5 62.5 0.0
357.5 67.5 0.0
357.5 72.5 0.0
357.5 77.5 0.0
357.5 82.5 0.0
357.5 87.5 0.0
357.5 92.5 0.0
357.5 97.5 0.0
357.5 102.5 0.0
357.5 107.5 0.0
357.5 112.5 0.0
357.5 117.5 0.0
357.5 122.5 0.0
357.5 127.5 0.0
357.5 132.5 0.0
357.5 137.5 0.0
357.5 142.5 0.0
357.5 147.5 0.0
357.5 152.5 0.0
357.5 157.5 0.0
357.5 162.5 0.0
357.5 167.5 0.0
357.5 172.5 0.0
357.5 177.5 0.0
