# Table name/description: "Top500 Asp B<40"
# Number of dimensions: 2
# For each dimension, 1 to 2: lower_bound  upper_bound  number_of_bins  wrapping
#   x1: 0.0 360.0 72 true
#   x2: 0.0 180.0 36 true
# List of table coordinates and values. (Value is last number on each line.)
2.5 2.5 9.818747150761439E-5
2.5 7.5 1.1402997921843324E-4
2.5 12.5 1.334416711688648E-4
2.5 17.5 1.5346075871801226E-4
2.5 22.5 1.7602939468550476E-4
2.5 27.5 1.9739117836819724E-4
2.5 32.5 2.1461263028926735E-4
2.5 37.5 2.2863291042269835E-4
2.5 42.5 2.323698473906271E-4
2.5 47.5 2.2036438702855254E-4
2.5 52.5 1.9701708437564703E-4
2.5 57.5 1.6738637579773432E-4
2.5 62.5 1.342791939410037E-4
2.5 67.5 1.1848069583313432E-4
2.5 72.5 1.3830901233316767E-4
2.5 77.5 1.9252905506946408E-4
2.5 82.5 2.67542384604279E-4
2.5 87.5 3.4525202254751355E-4
2.5 92.5 4.2096815956351173E-4
2.5 97.5 4.851711961756829E-4
2.5 102.5 5.267961744255704E-4
2.5 107.5 5.405681484892194E-4
2.5 112.5 5.10972007828367E-4
2.5 117.5 4.3608795131168306E-4
2.5 122.5 3.2756147956574836E-4
2.5 127.5 2.0791700739268096E-4
2.5 132.5 1.0754759976217763E-4
2.5 137.5 3.9009460302740956E-5
2.5 142.5 5.398942628933536E-6
2.5 147.5 0.0
2.5 152.5 0.0
2.5 157.5 0.0
2.5 162.5 4.347478680078422E-6
2.5 167.5 2.317555208082663E-5
2.5 172.5 5.007163408901371E-5
2.5 177.5 7.717516413765954E-5
7.5 2.5 2.286684414456827E-4
7.5 7.5 2.724260581092059E-4
7.5 12.5 3.06951439657256E-4
7.5 17.5 3.3023837040508763E-4
7.5 22.5 3.369350989415326E-4
7.5 27.5 3.300043715076568E-4
7.5 32.5 3.2287540032775963E-4
7.5 37.5 3.224213491097497E-4
7.5 42.5 3.261319681181238E-4
7.5 47.5 3.131752406717464E-4
7.5 52.5 2.738231743252529E-4
7.5 57.5 2.1699927762505286E-4
7.5 62.5 1.5776504542430858E-4
7.5 67.5 1.1900411564019397E-4
7.5 72.5 1.2059519901888305E-4
7.5 77.5 1.639499281418709E-4
7.5 82.5 2.4167250881907592E-4
7.5 87.5 3.4521011772817815E-4
7.5 92.5 4.600994936360223E-4
7.5 97.5 5.76325265115826E-4
7.5 102.5 6.662943267610813E-4
7.5 107.5 7.0028680468593E-4
7.5 112.5 6.669415866137676E-4
7.5 117.5 5.764905760802962E-4
7.5 122.5 4.52796946053517E-4
7.5 127.5 3.1726507898906757E-4
7.5 132.5 1.9837015101026052E-4
7.5 137.5 1.1091509307514245E-4
7.5 142.5 5.026052088473638E-5
7.5 147.5 1.5165488704094355E-5
7.5 152.5 1.3775198349224863E-6
7.5 157.5 4.281181231765792E-6
7.5 162.5 2.925536325913042E-5
7.5 167.5 6.987420280135999E-5
7.5 172.5 1.2046595101678692E-4
7.5 177.5 1.7902660328769868E-4
12.5 2.5 4.312827355314227E-4
12.5 7.5 5.179695414442072E-4
12.5 12.5 5.961922027272843E-4
12.5 17.5 6.509477667477321E-4
12.5 22.5 6.681123129775536E-4
12.5 27.5 6.358491392466197E-4
12.5 32.5 5.835106576215194E-4
12.5 37.5 5.473341520493311E-4
12.5 42.5 5.361130907152674E-4
12.5 47.5 5.371433790847626E-4
12.5 52.5 4.877817842238755E-4
12.5 57.5 3.8836335849388293E-4
12.5 62.5 2.7472027871363176E-4
12.5 67.5 2.0821876417242654E-4
12.5 72.5 2.0949589442569188E-4
12.5 77.5 2.535731257977525E-4
12.5 82.5 3.4670588794035725E-4
12.5 87.5 5.044387553044598E-4
12.5 92.5 6.925818711933738E-4
12.5 97.5 8.868300644351155E-4
12.5 102.5 0.0010348974200582815
12.5 107.5 0.0011035915729299792
12.5 112.5 0.001091099904314281
12.5 117.5 9.958379287460402E-4
12.5 122.5 8.321128780424728E-4
12.5 127.5 6.4205599264959E-4
12.5 132.5 4.5666596381121425E-4
12.5 137.5 2.984473991069851E-4
12.5 142.5 1.845315758179148E-4
12.5 147.5 1.1083755790384297E-4
12.5 152.5 6.745731444675172E-5
12.5 157.5 7.720273656463608E-5
12.5 162.5 1.2890253957639688E-4
12.5 167.5 2.065856410590451E-4
12.5 172.5 2.9071759468786337E-4
12.5 177.5 3.6404805074697645E-4
17.5 2.5 7.73331679702318E-4
17.5 7.5 8.713635013761722E-4
17.5 12.5 0.0010251722495736094
17.5 17.5 0.0011585395941660595
17.5 22.5 0.0012158263600102008
17.5 27.5 0.0012198267211275065
17.5 32.5 0.0012015859970968832
17.5 37.5 0.0011821730977141028
17.5 42.5 0.0011707221041815782
17.5 47.5 0.001129606472471949
17.5 52.5 0.0010525114155622377
17.5 57.5 8.986111563658233E-4
17.5 62.5 7.034713560942216E-4
17.5 67.5 5.583792409648953E-4
17.5 72.5 4.84912707245516E-4
17.5 77.5 5.07105174524703E-4
17.5 82.5 6.37754047332726E-4
17.5 87.5 8.52691152891428E-4
17.5 92.5 0.0011120588824648644
17.5 97.5 0.0013681925772311104
17.5 102.5 0.0015843270317721383
17.5 107.5 0.0017404831323652556
17.5 112.5 0.0017830644368812666
17.5 117.5 0.0016902837014022292
17.5 122.5 0.0014906185948654475
17.5 127.5 0.001227796738014595
17.5 132.5 9.48406138126467E-4
17.5 137.5 6.915357649957971E-4
17.5 142.5 4.717630564656929E-4
17.5 147.5 3.2573529290829247E-4
17.5 152.5 3.01915674673765E-4
17.5 157.5 3.59484835064737E-4
17.5 162.5 4.550463316735274E-4
17.5 167.5 5.628057238439071E-4
17.5 172.5 6.613020663311098E-4
17.5 177.5 7.177560977092227E-4
22.5 2.5 0.0015254264836366087
22.5 7.5 0.0016010848118140513
22.5 12.5 0.0017720782714347552
22.5 17.5 0.0020560043541958993
22.5 22.5 0.002387230582228741
22.5 27.5 0.002620699126319082
22.5 32.5 0.0027118591235918235
22.5 37.5 0.002696985863280803
22.5 42.5 0.0026129955083262902
22.5 47.5 0.0025383404466020093
22.5 52.5 0.002361789834644728
22.5 57.5 0.0020893512751867568
22.5 62.5 0.0017610047199681218
22.5 67.5 0.0014549936392107758
22.5 72.5 0.0012254869886756188
22.5 77.5 0.0011631193336929563
22.5 82.5 0.0012507006384450663
22.5 87.5 0.0014503481340753317
22.5 92.5 0.0017015227492671024
22.5 97.5 0.0019700010892879406
22.5 102.5 0.0022832676258786183
22.5 107.5 0.002529937823638329
22.5 112.5 0.0026155320843946985
22.5 117.5 0.0025246953885796793
22.5 122.5 0.0023083921196563606
22.5 127.5 0.0020186002009873133
22.5 132.5 0.0017058376964484982
22.5 137.5 0.0014047723473302714
22.5 142.5 0.0011258711758553258
22.5 147.5 9.300140638727848E-4
22.5 152.5 8.328940508612108E-4
22.5 157.5 8.476718434792409E-4
22.5 162.5 9.725181262462164E-4
22.5 167.5 0.0011281096665916321
22.5 172.5 0.0012789543104785187
22.5 177.5 0.0014398509458396754
27.5 2.5 0.003323734740045749
27.5 7.5 0.0034571897531178817
27.5 12.5 0.003600210342312893
27.5 17.5 0.004013208172908947
27.5 22.5 0.004702227669734088
27.5 27.5 0.005407733198306507
27.5 32.5 0.005896518504157676
27.5 37.5 0.005884919887022306
27.5 42.5 0.0055609268712034764
27.5 47.5 0.0051651287170428155
27.5 52.5 0.004732393892489282
27.5 57.5 0.00418486448114155
27.5 62.5 0.0036406565469005977
27.5 67.5 0.0030747240659232786
27.5 72.5 0.0025502304159369773
27.5 77.5 0.0022376257575031306
27.5 82.5 0.0022210881439373234
27.5 87.5 0.0023116369330307956
27.5 92.5 0.0025039327460924616
27.5 97.5 0.0027865509956653467
27.5 102.5 0.0031386656866299097
27.5 107.5 0.003489843222294537
27.5 112.5 0.0036471004821551647
27.5 117.5 0.003548772028490681
27.5 122.5 0.0033097805440307523
27.5 127.5 0.003031353431398313
27.5 132.5 0.002746418992133357
27.5 137.5 0.0024315214704794716
27.5 142.5 0.00221022172312846
27.5 147.5 0.0020829874594489113
27.5 152.5 0.0019426604371257205
27.5 157.5 0.001780121643659981
27.5 162.5 0.0017873482679726727
27.5 167.5 0.0021352992493752256
27.5 172.5 0.0026328915086676705
27.5 177.5 0.0030368815539035584
32.5 2.5 0.006612685582239872
32.5 7.5 0.007290375414596966
32.5 12.5 0.007819094879828497
32.5 17.5 0.008088175112304452
32.5 22.5 0.008894230590572682
32.5 27.5 0.010074365274187204
32.5 32.5 0.010917833730554601
32.5 37.5 0.010953974001679781
32.5 42.5 0.010164535161047268
32.5 47.5 0.00904293646518426
32.5 52.5 0.008153309554011568
32.5 57.5 0.0072654370596120345
32.5 62.5 0.006246867731933624
32.5 67.5 0.005279224216053553
32.5 72.5 0.004448708540714121
32.5 77.5 0.0038491594400106664
32.5 82.5 0.003578209424669242
32.5 87.5 0.003635469635026271
32.5 92.5 0.003876990475321601
32.5 97.5 0.00428846275483822
32.5 102.5 0.00486964711845874
32.5 107.5 0.0054196322377130885
32.5 112.5 0.005615659053668801
32.5 117.5 0.005378438198630084
32.5 122.5 0.005031477116667459
32.5 127.5 0.004850832177058412
32.5 132.5 0.004814665013664709
32.5 137.5 0.004788022836973597
32.5 142.5 0.005014275868424422
32.5 147.5 0.005323556984496228
32.5 152.5 0.005219453777047245
32.5 157.5 0.004931617738661807
32.5 162.5 0.005059527718877021
32.5 167.5 0.005423790927505918
32.5 172.5 0.005865884787832079
32.5 177.5 0.00625823571427513
37.5 2.5 0.016501014926137505
37.5 7.5 0.0192164149513217
37.5 12.5 0.020507684230222808
37.5 17.5 0.019139127984615967
37.5 22.5 0.017628644187255776
37.5 27.5 0.018341504164570498
37.5 32.5 0.01925752351133186
37.5 37.5 0.01884416009723506
37.5 42.5 0.01696507730248748
37.5 47.5 0.014527053510368235
37.5 52.5 0.012426764766882056
37.5 57.5 0.010951979357312604
37.5 62.5 0.00941695694508623
37.5 67.5 0.008003077402613516
37.5 72.5 0.0069292421543564065
37.5 77.5 0.006241116390429608
37.5 82.5 0.006128312803103351
37.5 87.5 0.006450555306065648
37.5 92.5 0.007035247568535284
37.5 97.5 0.007931186383676486
37.5 102.5 0.008868903920468503
37.5 107.5 0.009467205778183703
37.5 112.5 0.009819996642202799
37.5 117.5 0.009890504127129952
37.5 122.5 0.009876140871551328
37.5 127.5 0.010078776468057932
37.5 132.5 0.010765310109169618
37.5 137.5 0.012226952000844246
37.5 142.5 0.013755677021635842
37.5 147.5 0.01475344309137689
37.5 152.5 0.01535200052223863
37.5 157.5 0.015610638903353548
37.5 162.5 0.01580385357351761
37.5 167.5 0.016422812172460614
37.5 172.5 0.016343522204750962
37.5 177.5 0.01588136534994982
42.5 2.5 0.0469460458839733
42.5 7.5 0.05177146799466358
42.5 12.5 0.05066969310828702
42.5 17.5 0.04576801836243148
42.5 22.5 0.041569076865089365
42.5 27.5 0.04090186827428591
42.5 32.5 0.039764603032726685
42.5 37.5 0.034499715416406326
42.5 42.5 0.027756516311585294
42.5 47.5 0.021865167658652773
42.5 52.5 0.01770972982294503
42.5 57.5 0.015174252810520168
42.5 62.5 0.013298172488722244
42.5 67.5 0.011638303190808115
42.5 72.5 0.010516755597335802
42.5 77.5 0.010254862836077603
42.5 82.5 0.010739459105647995
42.5 87.5 0.011715677760218085
42.5 92.5 0.013292178853626635
42.5 97.5 0.015454419848807388
42.5 102.5 0.017674807703816988
42.5 107.5 0.019547459034162114
42.5 112.5 0.020198601025957812
42.5 117.5 0.02064796407586021
42.5 122.5 0.022015106412200853
42.5 127.5 0.02447983733398228
42.5 132.5 0.02853864729991211
42.5 137.5 0.032564217905880856
42.5 142.5 0.03539779127584212
42.5 147.5 0.03665488334992456
42.5 152.5 0.03752882534944294
42.5 157.5 0.03916197557615508
42.5 162.5 0.04172989484664801
42.5 167.5 0.04420561226777776
42.5 172.5 0.04552006306687451
42.5 177.5 0.04599920065928952
47.5 2.5 0.1314926184499128
47.5 7.5 0.13078380979284188
47.5 12.5 0.11521335054764861
47.5 17.5 0.10186892520616271
47.5 22.5 0.0964194221750979
47.5 27.5 0.09394454799267689
47.5 32.5 0.08450914328110781
47.5 37.5 0.06580218255768902
47.5 42.5 0.04602432124117196
47.5 47.5 0.0316853365335526
47.5 52.5 0.024220491828707474
47.5 57.5 0.02044102774408306
47.5 62.5 0.018403343287015095
47.5 67.5 0.016607362753180772
47.5 72.5 0.015859059503539365
47.5 77.5 0.016235735196448227
47.5 82.5 0.0174665409837504
47.5 87.5 0.019768811701553205
47.5 92.5 0.023484994733385472
47.5 97.5 0.02846399995590356
47.5 102.5 0.034035231827286294
47.5 107.5 0.03834297228117029
47.5 112.5 0.0407985155562484
47.5 117.5 0.04321622654569741
47.5 122.5 0.047339218491658064
47.5 127.5 0.05588913952805758
47.5 132.5 0.06640749660327097
47.5 137.5 0.075002439498793
47.5 142.5 0.07927288252580572
47.5 147.5 0.080433819284586
47.5 152.5 0.08169995598006662
47.5 157.5 0.08648152640986427
47.5 162.5 0.09488398216440787
47.5 167.5 0.10610127188931542
47.5 172.5 0.1177601750435542
47.5 177.5 0.12982329790657143
52.5 2.5 0.2963908111013976
52.5 7.5 0.2856294940779187
52.5 12.5 0.24263905448846732
52.5 17.5 0.20743843793621333
52.5 22.5 0.18941710889534588
52.5 27.5 0.1716596209134678
52.5 32.5 0.1443255532683374
52.5 37.5 0.10558770870542067
52.5 42.5 0.06759320719273432
52.5 47.5 0.04258905666595042
52.5 52.5 0.030606809915492222
52.5 57.5 0.025854414312268835
52.5 62.5 0.023712376074455716
52.5 67.5 0.02218002648749001
52.5 72.5 0.021805158882411146
52.5 77.5 0.022955280089458404
52.5 82.5 0.02533817919860988
52.5 87.5 0.029219194023074734
52.5 92.5 0.035318153073194615
52.5 97.5 0.04415302273411753
52.5 102.5 0.05378152004507306
52.5 107.5 0.061400006017410025
52.5 112.5 0.06735640754611083
52.5 117.5 0.07396926646351668
52.5 122.5 0.08368722724485944
52.5 127.5 0.09923402929989326
52.5 132.5 0.11734232268456143
52.5 137.5 0.1311524318909288
52.5 142.5 0.13835226902200487
52.5 147.5 0.1435538657875024
52.5 152.5 0.15115209905029361
52.5 157.5 0.16657445500298645
52.5 162.5 0.19052798092657605
52.5 167.5 0.22120702834568323
52.5 172.5 0.2596226694194709
52.5 177.5 0.29406807453570555
57.5 2.5 0.5187308408895899
57.5 7.5 0.5069176152530944
57.5 12.5 0.43610802144679395
57.5 17.5 0.3567719672396795
57.5 22.5 0.2954534964088827
57.5 27.5 0.24231214913907614
57.5 32.5 0.19005376649745417
57.5 37.5 0.13131076870720695
57.5 42.5 0.08028316408954086
57.5 47.5 0.04873442428137989
57.5 52.5 0.03459518797157262
57.5 57.5 0.029535917267187406
57.5 62.5 0.027699741396950563
57.5 67.5 0.026672823194205015
57.5 72.5 0.02675980709443832
57.5 77.5 0.028525651043075525
57.5 82.5 0.031789407675867805
57.5 87.5 0.03679354241674282
57.5 92.5 0.044547202622323534
57.5 97.5 0.05632352069080824
57.5 102.5 0.06885130519587059
57.5 107.5 0.07943714024622546
57.5 112.5 0.08859185124995725
57.5 117.5 0.09882360059687413
57.5 122.5 0.1130398443765902
57.5 127.5 0.13347955173397946
57.5 132.5 0.15561672948632269
57.5 137.5 0.17297260790403834
57.5 142.5 0.1850318032620006
57.5 147.5 0.19713070501980304
57.5 152.5 0.2190810533726587
57.5 157.5 0.2544932209345064
57.5 162.5 0.30846194415553696
57.5 167.5 0.37588536420889446
57.5 172.5 0.44860147621621954
57.5 177.5 0.5095950948005837
62.5 2.5 0.6413247481511763
62.5 7.5 0.6423140015297243
62.5 12.5 0.5631306209735287
62.5 17.5 0.4525607584117498
62.5 22.5 0.3505708402627559
62.5 27.5 0.2644474569727463
62.5 32.5 0.19195639035608522
62.5 37.5 0.1254275674840513
62.5 42.5 0.07439802842104425
62.5 47.5 0.04569734525701132
62.5 52.5 0.03401437093562612
62.5 57.5 0.030104965840915612
62.5 62.5 0.029126035663577597
62.5 67.5 0.028635769010455607
62.5 72.5 0.02906125587331019
62.5 77.5 0.03103656387419696
62.5 82.5 0.03451420377447656
62.5 87.5 0.03957662087961433
62.5 92.5 0.04746965021265924
62.5 97.5 0.05968903108925459
62.5 102.5 0.07277235003183587
62.5 107.5 0.08419111530709641
62.5 112.5 0.09418798784547171
62.5 117.5 0.10525025332979092
62.5 122.5 0.11941857172394157
62.5 127.5 0.13913226082278346
62.5 132.5 0.15996501593548068
62.5 137.5 0.1762807953281194
62.5 142.5 0.18941378715287557
62.5 147.5 0.20734361137383162
62.5 152.5 0.24072788749291946
62.5 157.5 0.29231168621633186
62.5 162.5 0.37004713861845884
62.5 167.5 0.4621682278792179
62.5 172.5 0.5552367380952791
62.5 177.5 0.6276404348002815
67.5 2.5 0.5370879698201062
67.5 7.5 0.554547015352871
67.5 12.5 0.5005497689892793
67.5 17.5 0.4047633762423662
67.5 22.5 0.3035338190034463
67.5 27.5 0.21577680142532105
67.5 32.5 0.14521976855125018
67.5 37.5 0.08980575176684347
67.5 42.5 0.053386501888194056
67.5 47.5 0.03558665894777065
67.5 52.5 0.02910099668123673
67.5 57.5 0.02750384093643857
67.5 62.5 0.027537396417482752
67.5 67.5 0.02737381583888817
67.5 72.5 0.027810719830262527
67.5 77.5 0.029544079642254892
67.5 82.5 0.0325432313499119
67.5 87.5 0.03669780756190789
67.5 92.5 0.04291800435190369
67.5 97.5 0.05282045485543194
67.5 102.5 0.0638599352911997
67.5 107.5 0.07337196791911446
67.5 112.5 0.08159368293160119
67.5 117.5 0.0903379709049793
67.5 122.5 0.10038058081685297
67.5 127.5 0.11422929393544264
67.5 132.5 0.12892265318958285
67.5 137.5 0.139480072766655
67.5 142.5 0.14850308309350868
67.5 147.5 0.16534931370022998
67.5 152.5 0.1990930369540675
67.5 157.5 0.24979203423206164
67.5 162.5 0.3216026172284617
67.5 167.5 0.4028902184495738
67.5 172.5 0.47673486915937957
67.5 177.5 0.5295509667700931
72.5 2.5 0.3064763796922849
72.5 7.5 0.32790223018845027
72.5 12.5 0.3089838194497485
72.5 17.5 0.25590286639576515
72.5 22.5 0.18714389309201337
72.5 27.5 0.12664684314489216
72.5 32.5 0.07943196659963303
72.5 37.5 0.04814780678479795
72.5 42.5 0.031087921739324963
72.5 47.5 0.023984731647001423
72.5 52.5 0.022098897828591372
72.5 57.5 0.02279680864404268
72.5 62.5 0.023306499831310102
72.5 67.5 0.023133170021054535
72.5 72.5 0.02332884025273213
72.5 77.5 0.02448192745818086
72.5 82.5 0.02661214116679055
72.5 87.5 0.029415748087908845
72.5 92.5 0.03308742556066819
72.5 97.5 0.03900106236896084
72.5 102.5 0.046274692486115133
72.5 107.5 0.05213582075708202
72.5 112.5 0.057242672732954664
72.5 117.5 0.06243301169039411
72.5 122.5 0.06784469311889421
72.5 127.5 0.07470241041210629
72.5 132.5 0.08155644464159012
72.5 137.5 0.08590346223461849
72.5 142.5 0.08941454886719019
72.5 147.5 0.09992250865088469
72.5 152.5 0.12299458578371904
72.5 157.5 0.1572542390703445
72.5 162.5 0.2030139151679373
72.5 167.5 0.25146847861512067
72.5 172.5 0.2912883160761703
72.5 177.5 0.3106577704562012
77.5 2.5 0.1293717520014115
77.5 7.5 0.1382451583418556
77.5 12.5 0.1334792935595984
77.5 17.5 0.11532256085055623
77.5 22.5 0.08648072552440832
77.5 27.5 0.05663732876524488
77.5 32.5 0.0342875648835774
77.5 37.5 0.021869328491522462
77.5 42.5 0.016314633898266553
77.5 47.5 0.01453787568743436
77.5 52.5 0.015584696192559498
77.5 57.5 0.016936619901785806
77.5 62.5 0.017388036285995803
77.5 67.5 0.01705280197641992
77.5 72.5 0.01694943532991579
77.5 77.5 0.017495507359408368
77.5 82.5 0.01879781563441814
77.5 87.5 0.020276742359233692
77.5 92.5 0.021999646732472122
77.5 97.5 0.024464822639627435
77.5 102.5 0.027545938339680148
77.5 107.5 0.030301693863672062
77.5 112.5 0.03253536888410469
77.5 117.5 0.03504748172774398
77.5 122.5 0.03819813181962222
77.5 127.5 0.04126101204995201
77.5 132.5 0.043593018991967214
77.5 137.5 0.044860223551163425
77.5 142.5 0.04644892886387388
77.5 147.5 0.05026730647713125
77.5 152.5 0.05929591080170748
77.5 157.5 0.07498128277840843
77.5 162.5 0.09616171859099971
77.5 167.5 0.11774620791190253
77.5 172.5 0.13445911277901146
77.5 177.5 0.13987961568169113
82.5 2.5 0.04917455526577886
82.5 7.5 0.048126148597529
82.5 12.5 0.0455410366635222
82.5 17.5 0.04120065458562115
82.5 22.5 0.0324283521709599
82.5 27.5 0.021417012802845577
82.5 32.5 0.013550532919206331
82.5 37.5 0.009398445833718929
82.5 42.5 0.008027273599734146
82.5 47.5 0.008609283739005831
82.5 52.5 0.009938366715840924
82.5 57.5 0.010815766993640232
82.5 62.5 0.011118553484896664
82.5 67.5 0.010850915216013763
82.5 72.5 0.010438096113285725
82.5 77.5 0.010636178221099862
82.5 82.5 0.01138887763015922
82.5 87.5 0.01215566070419379
82.5 92.5 0.012962201730716006
82.5 97.5 0.013741952884608643
82.5 102.5 0.014523895217472884
82.5 107.5 0.015611630214254489
82.5 112.5 0.016679569206045887
82.5 117.5 0.01812552734290208
82.5 122.5 0.019875328695791197
82.5 127.5 0.021297111038967923
82.5 132.5 0.02207448265705233
82.5 137.5 0.022595051818173898
82.5 142.5 0.023428975796266092
82.5 147.5 0.0243057858165548
82.5 152.5 0.02610083797295988
82.5 157.5 0.030564960020429233
82.5 162.5 0.038279151058276444
82.5 167.5 0.04689389548759839
82.5 172.5 0.05288916775279186
82.5 177.5 0.05493346692249964
87.5 2.5 0.01843029448624224
87.5 7.5 0.016260615120877207
87.5 12.5 0.014360959852817205
87.5 17.5 0.012607871681052185
87.5 22.5 0.009994237839279137
87.5 27.5 0.007165533841124313
87.5 32.5 0.00510765544211682
87.5 37.5 0.004101341711450697
87.5 42.5 0.004152446499254749
87.5 47.5 0.004796302308809144
87.5 52.5 0.005362145063057189
87.5 57.5 0.005713028422210136
87.5 62.5 0.005814205421019163
87.5 67.5 0.005665536863324158
87.5 72.5 0.005361636919147672
87.5 77.5 0.005389866686805717
87.5 82.5 0.0058142777327216165
87.5 87.5 0.006516282352577792
87.5 92.5 0.00718701607452141
87.5 97.5 0.007687981343491354
87.5 102.5 0.007938948482787877
87.5 107.5 0.00812470345309838
87.5 112.5 0.008678539347901937
87.5 117.5 0.009560891874400282
87.5 122.5 0.010346853319039563
87.5 127.5 0.010692532689648445
87.5 132.5 0.011008638342793529
87.5 137.5 0.011254170148177351
87.5 142.5 0.011346739619651752
87.5 147.5 0.01145609141271941
87.5 152.5 0.011574492412463697
87.5 157.5 0.012465298485870666
87.5 162.5 0.01508746260964278
87.5 167.5 0.018598850007738303
87.5 172.5 0.02061080883590038
87.5 177.5 0.020586721071997348
92.5 2.5 0.006537387386314714
92.5 7.5 0.005698418901889797
92.5 12.5 0.004830356809567059
92.5 17.5 0.004179479287798912
92.5 22.5 0.0035506117858276143
92.5 27.5 0.0028787417591096165
92.5 32.5 0.0022361885896729863
92.5 37.5 0.0019425485269779523
92.5 42.5 0.0021201760337809243
92.5 47.5 0.002358006803883967
92.5 52.5 0.002469223349878818
92.5 57.5 0.0024354301159984185
92.5 62.5 0.002376394546736816
92.5 67.5 0.002344189479740741
92.5 72.5 0.0024249675593417054
92.5 77.5 0.0025030946520667443
92.5 82.5 0.002765758021643524
92.5 87.5 0.0032080811169326573
92.5 92.5 0.003674242986674335
92.5 97.5 0.0039859183949683226
92.5 102.5 0.004177896150720718
92.5 107.5 0.004239112083049366
92.5 112.5 0.004363015297796459
92.5 117.5 0.004699822057621795
92.5 122.5 0.005165217672709356
92.5 127.5 0.005482267331193976
92.5 132.5 0.005669662914861698
92.5 137.5 0.005838664310473322
92.5 142.5 0.005904277514292673
92.5 147.5 0.005693249230541545
92.5 152.5 0.0054418643744149715
92.5 157.5 0.005395038393555416
92.5 162.5 0.0058926268172647305
92.5 167.5 0.007034123480270941
92.5 172.5 0.007750352492454665
92.5 177.5 0.007365669333005941
97.5 2.5 0.0026950150288141054
97.5 7.5 0.002303118011101725
97.5 12.5 0.002027472539172672
97.5 17.5 0.0018280705786378585
97.5 22.5 0.001593697033030557
97.5 27.5 0.001343151583734227
97.5 32.5 0.001082368419829413
97.5 37.5 9.741437033404223E-4
97.5 42.5 9.89847686553276E-4
97.5 47.5 0.0010232482334154305
97.5 52.5 0.0010143108964052714
97.5 57.5 0.0010056041615268024
97.5 62.5 0.0010624142341070255
97.5 67.5 0.0011895320996986878
97.5 72.5 0.0013304374838133358
97.5 77.5 0.0014605744712557088
97.5 82.5 0.0015747966603578342
97.5 87.5 0.0016893768289191952
97.5 92.5 0.0018458037752253397
97.5 97.5 0.0020489514651108854
97.5 102.5 0.0022446713181797596
97.5 107.5 0.0023774835266525676
97.5 112.5 0.0023835980069559564
97.5 117.5 0.002383156018563204
97.5 122.5 0.002493433857921275
97.5 127.5 0.0027238570437497006
97.5 132.5 0.0029664580804924195
97.5 137.5 0.0031604935107042795
97.5 142.5 0.003186639932831622
97.5 147.5 0.0030389840911552767
97.5 152.5 0.002851448569790413
97.5 157.5 0.0028430047940837624
97.5 162.5 0.002906512588344371
97.5 167.5 0.0029348785747973214
97.5 172.5 0.0030207510336271214
97.5 177.5 0.0029827154992142584
102.5 2.5 0.001197671993510547
102.5 7.5 0.0010375990907654188
102.5 12.5 8.898558211011613E-4
102.5 17.5 7.632426356431513E-4
102.5 22.5 6.701637222808893E-4
102.5 27.5 6.052426728461551E-4
102.5 32.5 5.768979568215793E-4
102.5 37.5 5.555619530871547E-4
102.5 42.5 5.229853217500026E-4
102.5 47.5 5.256384710813297E-4
102.5 52.5 5.42640192447302E-4
102.5 57.5 5.775111249658686E-4
102.5 62.5 6.477188628517543E-4
102.5 67.5 7.621106307458849E-4
102.5 72.5 8.869047395919262E-4
102.5 77.5 9.821926573623907E-4
102.5 82.5 0.001051318659401053
102.5 87.5 0.001110103492973805
102.5 92.5 0.0011943178394937198
102.5 97.5 0.001302795088856216
102.5 102.5 0.001410094708506455
102.5 107.5 0.001465257339467994
102.5 112.5 0.0014349889938821802
102.5 117.5 0.0013336594601700534
102.5 122.5 0.0012595738674100513
102.5 127.5 0.0012479699367936227
102.5 132.5 0.001302990960595035
102.5 137.5 0.0013772057582485298
102.5 142.5 0.001428704043497736
102.5 147.5 0.0014576947851745782
102.5 152.5 0.0015318727613552994
102.5 157.5 0.001633410503813216
102.5 162.5 0.0016897770682142354
102.5 167.5 0.0016247571968871985
102.5 172.5 0.0014797806575813097
102.5 177.5 0.0013549283572175488
107.5 2.5 5.609073093089707E-4
107.5 7.5 4.756520526034266E-4
107.5 12.5 3.8699624599324543E-4
107.5 17.5 3.291098642425639E-4
107.5 22.5 3.1974360670546006E-4
107.5 27.5 3.461568107103258E-4
107.5 32.5 3.6802760682563623E-4
107.5 37.5 3.8405132194095377E-4
107.5 42.5 4.0423991296912654E-4
107.5 47.5 4.2508558801648003E-4
107.5 52.5 4.360281165388677E-4
107.5 57.5 4.5573900444988586E-4
107.5 62.5 4.869910050283358E-4
107.5 67.5 5.358526578704375E-4
107.5 72.5 6.080272357721029E-4
107.5 77.5 6.873343346974254E-4
107.5 82.5 7.581293055498761E-4
107.5 87.5 8.34701206378768E-4
107.5 92.5 9.077207904010472E-4
107.5 97.5 9.605021126278474E-4
107.5 102.5 9.9465482265144E-4
107.5 107.5 9.923451256740087E-4
107.5 112.5 9.468525590692735E-4
107.5 117.5 8.504288737198406E-4
107.5 122.5 7.076277711596897E-4
107.5 127.5 5.84860441010414E-4
107.5 132.5 4.955441379613935E-4
107.5 137.5 4.6516000272801974E-4
107.5 142.5 4.983556704258137E-4
107.5 147.5 5.74244014712507E-4
107.5 152.5 7.064355398601792E-4
107.5 157.5 8.281282482167798E-4
107.5 162.5 8.659050488136937E-4
107.5 167.5 8.302618244132717E-4
107.5 172.5 7.593213609630604E-4
107.5 177.5 6.550654561117219E-4
112.5 2.5 2.5109725289822974E-4
112.5 7.5 1.9396247129449765E-4
112.5 12.5 1.564685126180917E-4
112.5 17.5 1.6107168325715248E-4
112.5 22.5 2.0119852689105185E-4
112.5 27.5 2.534546564905757E-4
112.5 32.5 3.084660571076928E-4
112.5 37.5 3.6681304167969026E-4
112.5 42.5 4.1071514586376397E-4
112.5 47.5 4.2035785689707115E-4
112.5 52.5 4.0575018271435354E-4
112.5 57.5 3.9169032896079793E-4
112.5 62.5 3.8674159848069584E-4
112.5 67.5 3.930326507669052E-4
112.5 72.5 4.2513001534150445E-4
112.5 77.5 4.836755675466082E-4
112.5 82.5 5.4803763330716E-4
112.5 87.5 6.09525946181274E-4
112.5 92.5 6.65909451872939E-4
112.5 97.5 6.959762383138971E-4
112.5 102.5 6.995242313142597E-4
112.5 107.5 6.833092947704784E-4
112.5 112.5 6.368210894896581E-4
112.5 117.5 5.48896072392713E-4
112.5 122.5 4.2873726706805604E-4
112.5 127.5 2.949107366181946E-4
112.5 132.5 1.8483853668272457E-4
112.5 137.5 1.288840350539391E-4
112.5 142.5 1.4398250955845773E-4
112.5 147.5 2.0516808459586917E-4
112.5 152.5 2.844585111328224E-4
112.5 157.5 3.5564307598269827E-4
112.5 162.5 3.947101206978442E-4
112.5 167.5 3.8683689084044996E-4
112.5 172.5 3.4096485260345515E-4
112.5 177.5 2.9639116762544983E-4
117.5 2.5 1.1567054226678688E-4
117.5 7.5 9.155318988840036E-5
117.5 12.5 8.384917972368005E-5
117.5 17.5 1.1017330781380037E-4
117.5 22.5 1.649019938101816E-4
117.5 27.5 2.4152232794101246E-4
117.5 32.5 3.33196874139604E-4
117.5 37.5 4.123584641488809E-4
117.5 42.5 4.67063460490228E-4
117.5 47.5 4.863305850328228E-4
117.5 52.5 4.638197399024207E-4
117.5 57.5 4.169411655218697E-4
117.5 62.5 3.7188847015361815E-4
117.5 67.5 3.34108078463435E-4
117.5 72.5 3.117835918817066E-4
117.5 77.5 3.2104929779034583E-4
117.5 82.5 3.678627130924964E-4
117.5 87.5 4.210368948726637E-4
117.5 92.5 4.559787885930665E-4
117.5 97.5 4.757832059462357E-4
117.5 102.5 4.7612315656565455E-4
117.5 107.5 4.4975217779002504E-4
117.5 112.5 3.9395479927055606E-4
117.5 117.5 3.162119182838823E-4
117.5 122.5 2.259129523052585E-4
117.5 127.5 1.3914376344496395E-4
117.5 132.5 6.834156860399886E-5
117.5 137.5 2.4811230109425296E-5
117.5 142.5 2.4677972073829082E-5
117.5 147.5 5.760035186745489E-5
117.5 152.5 9.728770000454098E-5
117.5 157.5 1.2797982160410367E-4
117.5 162.5 1.4376748346081456E-4
117.5 167.5 1.5300190470657012E-4
117.5 172.5 1.5498613805938282E-4
117.5 177.5 1.3956096264470646E-4
122.5 2.5 1.1746677830334433E-4
122.5 7.5 1.1823925473100844E-4
122.5 12.5 1.402626747016978E-4
122.5 17.5 1.7748201797890324E-4
122.5 22.5 2.4126956471023198E-4
122.5 27.5 3.233801985286241E-4
122.5 32.5 4.146732251541104E-4
122.5 37.5 5.10318464698387E-4
122.5 42.5 5.846412464902011E-4
122.5 47.5 6.165893883751859E-4
122.5 52.5 5.986517613162587E-4
122.5 57.5 5.350698773629989E-4
122.5 62.5 4.537282324570231E-4
122.5 67.5 3.706199429432206E-4
122.5 72.5 3.004847739461345E-4
122.5 77.5 2.5888573217974423E-4
122.5 82.5 2.5755716977685116E-4
122.5 87.5 2.8478934866598484E-4
122.5 92.5 3.08961437658338E-4
122.5 97.5 3.168049396183329E-4
122.5 102.5 3.0729560191628886E-4
122.5 107.5 2.7821751008596065E-4
122.5 112.5 2.3118105111850852E-4
122.5 117.5 1.7285095997822227E-4
122.5 122.5 1.1228467971007965E-4
122.5 127.5 5.625654504938788E-5
122.5 132.5 1.5697232583919418E-5
122.5 137.5 7.145299495283642E-7
122.5 142.5 0.0
122.5 147.5 4.549936623938226E-6
122.5 152.5 1.9158961499285123E-5
122.5 157.5 3.8389417302194185E-5
122.5 162.5 6.569721935544447E-5
122.5 167.5 9.335225432394942E-5
122.5 172.5 1.1342830726364942E-4
122.5 177.5 1.2154122579512651E-4
127.5 2.5 1.8301553873788787E-4
127.5 7.5 2.233995806857133E-4
127.5 12.5 2.816050328675834E-4
127.5 17.5 3.532365157989849E-4
127.5 22.5 4.2916524141043674E-4
127.5 27.5 5.087671404227407E-4
127.5 32.5 5.93144928335605E-4
127.5 37.5 6.741383451371402E-4
127.5 42.5 7.546508446317003E-4
127.5 47.5 8.007720963356113E-4
127.5 52.5 7.968855144432075E-4
127.5 57.5 7.413161528694572E-4
127.5 62.5 6.428131259314833E-4
127.5 67.5 5.313052658507308E-4
127.5 72.5 4.207964795962365E-4
127.5 77.5 3.2329198010410667E-4
127.5 82.5 2.5070158723207946E-4
127.5 87.5 2.21972318107511E-4
127.5 92.5 2.1423952927790652E-4
127.5 97.5 2.1305434366182863E-4
127.5 102.5 1.9835361803932763E-4
127.5 107.5 1.6886471727704105E-4
127.5 112.5 1.300772508319038E-4
127.5 117.5 8.674252389144949E-5
127.5 122.5 4.530875467856382E-5
127.5 127.5 1.4109624771320869E-5
127.5 132.5 3.56157632033177E-7
127.5 137.5 0.0
127.5 142.5 0.0
127.5 147.5 0.0
127.5 152.5 1.3278340783455795E-6
127.5 157.5 2.0268244223944355E-5
127.5 162.5 5.549201070160852E-5
127.5 167.5 9.650534042685489E-5
127.5 172.5 1.3438252891939225E-4
127.5 177.5 1.6312953077813033E-4
132.5 2.5 3.138367402028035E-4
132.5 7.5 4.0424387312929807E-4
132.5 12.5 5.072742845415043E-4
132.5 17.5 6.574734322790772E-4
132.5 22.5 8.550967688024876E-4
132.5 27.5 0.0010535264823177464
132.5 32.5 0.0011756070522015928
132.5 37.5 0.0011907393595575314
132.5 42.5 0.0011508551576731813
132.5 47.5 0.0011287688336653725
132.5 52.5 0.0011077001232104164
132.5 57.5 0.0010497667476860506
132.5 62.5 9.73698599536756E-4
132.5 67.5 8.770280469668539E-4
132.5 72.5 7.403950652058425E-4
132.5 77.5 5.735107829734662E-4
132.5 82.5 4.0741643634779076E-4
132.5 87.5 2.7525402572660835E-4
132.5 92.5 1.9550501859997034E-4
132.5 97.5 1.4399608036409276E-4
132.5 102.5 1.1847196532956318E-4
132.5 107.5 9.711543228442327E-5
132.5 112.5 6.909201621337519E-5
132.5 117.5 3.977081165022724E-5
132.5 122.5 1.5229426028747946E-5
132.5 127.5 1.3889099215686787E-6
132.5 132.5 0.0
132.5 137.5 0.0
132.5 142.5 0.0
132.5 147.5 2.7464629900540217E-6
132.5 152.5 1.9480653700205454E-5
132.5 157.5 5.4035379977384965E-5
132.5 162.5 9.953419875355177E-5
132.5 167.5 1.5237924704794944E-4
132.5 172.5 2.0590311073665247E-4
132.5 177.5 2.5025111909713396E-4
137.5 2.5 5.823884651710206E-4
137.5 7.5 7.187006361610949E-4
137.5 12.5 9.535139661892236E-4
137.5 17.5 0.0013672234514270183
137.5 22.5 0.0018587236338144307
137.5 27.5 0.0022512445784316514
137.5 32.5 0.002395975063390055
137.5 37.5 0.0023084105110560723
137.5 42.5 0.002061467140671766
137.5 47.5 0.0017658128822236523
137.5 52.5 0.0015889427674391388
137.5 57.5 0.0015439544905448126
137.5 62.5 0.0014980373214616802
137.5 67.5 0.0013977688235823262
137.5 72.5 0.0012585003164225438
137.5 77.5 0.0010723275980198425
137.5 82.5 8.400228373836213E-4
137.5 87.5 5.960866964001584E-4
137.5 92.5 3.779446218918845E-4
137.5 97.5 2.1869049538338035E-4
137.5 102.5 1.1677578995889487E-4
137.5 107.5 5.2264846023532785E-5
137.5 112.5 2.4575548364774424E-5
137.5 117.5 9.583405163604287E-6
137.5 122.5 7.538715288377355E-7
137.5 127.5 4.133396807336765E-7
137.5 132.5 2.5298813764513956E-6
137.5 137.5 1.0497361683088037E-5
137.5 142.5 3.270900403483981E-5
137.5 147.5 6.212588962428688E-5
137.5 152.5 1.1064737491408029E-4
137.5 157.5 1.7694003794855537E-4
137.5 162.5 2.38634001210401E-4
137.5 167.5 2.843858179561034E-4
137.5 172.5 3.402942093311612E-4
137.5 177.5 4.4280110067389586E-4
142.5 2.5 0.0012381085434798056
142.5 7.5 0.0015167338904604477
142.5 12.5 0.0021183308138500246
142.5 17.5 0.0029897374709755434
142.5 22.5 0.0038942379536630206
142.5 27.5 0.00451337613521106
142.5 32.5 0.004685219633019309
142.5 37.5 0.004412294946677838
142.5 42.5 0.003767700942139802
142.5 47.5 0.0029794963592671294
142.5 52.5 0.002414787841821375
142.5 57.5 0.0021755593609261883
142.5 62.5 0.0021195886877450666
142.5 67.5 0.002086459540915582
142.5 72.5 0.0020323391821982268
142.5 77.5 0.001885364172033962
142.5 82.5 0.0016248492910764056
142.5 87.5 0.001304716394187495
142.5 92.5 9.604956912378932E-4
142.5 97.5 6.218255408542655E-4
142.5 102.5 3.6144264208361865E-4
142.5 107.5 1.8416693950964108E-4
142.5 112.5 6.679088845005334E-5
142.5 117.5 1.1166989719187266E-5
142.5 122.5 1.9497214260709533E-5
142.5 127.5 4.0756558069646756E-5
142.5 132.5 8.408393510456201E-5
142.5 137.5 1.5205042142723524E-4
142.5 142.5 2.1170868123713475E-4
142.5 147.5 2.7491499121254847E-4
142.5 152.5 3.6540325371369484E-4
142.5 157.5 4.8615366852606656E-4
142.5 162.5 6.109224887013684E-4
142.5 167.5 7.717822152851998E-4
142.5 172.5 9.466346664478536E-4
142.5 177.5 0.0010999107331304842
147.5 2.5 0.0028843837798874354
147.5 7.5 0.0038214793292170313
147.5 12.5 0.005524835320800321
147.5 17.5 0.007431968406296822
147.5 22.5 0.008915075209743228
147.5 27.5 0.00958748135735738
147.5 32.5 0.009395318275020324
147.5 37.5 0.008391199993311775
147.5 42.5 0.006916548973805554
147.5 47.5 0.005317561553209861
147.5 52.5 0.003996498419107209
147.5 57.5 0.0031992868128104188
147.5 62.5 0.0030043678042955568
147.5 67.5 0.0032054859183813875
147.5 72.5 0.0034235576672338786
147.5 77.5 0.0034403661213528855
147.5 82.5 0.003178730712408375
147.5 87.5 0.0026995958629217436
147.5 92.5 0.0021550358870201947
147.5 97.5 0.0015776627294044447
147.5 102.5 0.0010322217495751889
147.5 107.5 5.914834584607968E-4
147.5 112.5 3.129508834028023E-4
147.5 117.5 1.657303601024205E-4
147.5 122.5 1.2310622302859873E-4
147.5 127.5 1.9294351576654785E-4
147.5 132.5 3.347283726479599E-4
147.5 137.5 4.793243197811891E-4
147.5 142.5 6.162488211443121E-4
147.5 147.5 7.932856754516728E-4
147.5 152.5 0.001030454689447681
147.5 157.5 0.001255655086760559
147.5 162.5 0.0015363970774607224
147.5 167.5 0.001879826791020009
147.5 172.5 0.0021630199037505123
147.5 177.5 0.0024759423833074635
152.5 2.5 0.006851048410492981
152.5 7.5 0.009336583755766502
152.5 12.5 0.012982207963256318
152.5 17.5 0.016562789973810717
152.5 22.5 0.018637092295070535
152.5 27.5 0.018658661406000657
152.5 32.5 0.017214030160427225
152.5 37.5 0.014776320586233224
152.5 42.5 0.011875521021742077
152.5 47.5 0.009251189082993556
152.5 52.5 0.007224416069448245
152.5 57.5 0.006075915871373265
152.5 62.5 0.006064999156305365
152.5 67.5 0.006586583859953121
152.5 72.5 0.006962415905437868
152.5 77.5 0.006989969845476002
152.5 82.5 0.006385603818400177
152.5 87.5 0.005293617220379451
152.5 92.5 0.00420766217214706
152.5 97.5 0.0032639467665939305
152.5 102.5 0.0023902915073368497
152.5 107.5 0.0015500079627538737
152.5 112.5 8.905694875194596E-4
152.5 117.5 5.51958897501568E-4
152.5 122.5 4.599600415863961E-4
152.5 127.5 5.648271613197923E-4
152.5 132.5 8.072435456627998E-4
152.5 137.5 0.0011026842843289005
152.5 142.5 0.00150502983030383
152.5 147.5 0.002075055737595353
152.5 152.5 0.0025650291332183434
152.5 157.5 0.00288770064094383
152.5 162.5 0.0031967958720517404
152.5 167.5 0.0035304125997731727
152.5 172.5 0.004189192716933373
152.5 177.5 0.005320333926588972
157.5 2.5 0.017547034264773102
157.5 7.5 0.02257303243887259
157.5 12.5 0.02724198704397779
157.5 17.5 0.031425392739832886
157.5 22.5 0.03329793187607287
157.5 27.5 0.032017939827556186
157.5 32.5 0.02827277631265022
157.5 37.5 0.024069914141668293
157.5 42.5 0.020142388937393774
157.5 47.5 0.017141395072559563
157.5 52.5 0.015268695016360325
157.5 57.5 0.014402510258155525
157.5 62.5 0.014668514888192843
157.5 67.5 0.01557657657994999
157.5 72.5 0.016487316380277197
157.5 77.5 0.016101643439007964
157.5 82.5 0.014165536937891849
157.5 87.5 0.011216794803074047
157.5 92.5 0.008410657220771077
157.5 97.5 0.0064025418204231195
157.5 102.5 0.0049087521819782395
157.5 107.5 0.0037241504864070837
157.5 112.5 0.002601304105947097
157.5 117.5 0.0018356116055193176
157.5 122.5 0.0014712630345663472
157.5 127.5 0.0014787841033290909
157.5 132.5 0.0017365642787878423
157.5 137.5 0.002230755577465562
157.5 142.5 0.003106035478830052
157.5 147.5 0.0042922677846773775
157.5 152.5 0.005460147355523955
157.5 157.5 0.006246377281614181
157.5 162.5 0.006692175179888724
157.5 167.5 0.007303301746030599
157.5 172.5 0.009632437946730328
157.5 177.5 0.013112180130138321
162.5 2.5 0.04562776679981592
162.5 7.5 0.05301491113271026
162.5 12.5 0.05814092890609656
162.5 17.5 0.05945850126583893
162.5 22.5 0.057248755569859325
162.5 27.5 0.05056285080769064
162.5 32.5 0.04291146554021567
162.5 37.5 0.03690008847909068
162.5 42.5 0.033271309877971646
162.5 47.5 0.03193865382342138
162.5 52.5 0.032219418274797296
162.5 57.5 0.03331357561416746
162.5 62.5 0.03536383104925073
162.5 67.5 0.03835294208955985
162.5 72.5 0.04155633783311933
162.5 77.5 0.04045258956044222
162.5 82.5 0.03372745176349084
162.5 87.5 0.024476843901947452
162.5 92.5 0.01695340442781354
162.5 97.5 0.012752866574987679
162.5 102.5 0.010392766190719587
162.5 107.5 0.008885649509885246
162.5 112.5 0.007352941333908307
162.5 117.5 0.005881446581411785
162.5 122.5 0.0048607580752947945
162.5 127.5 0.004566679312668592
162.5 132.5 0.0048682772802940795
162.5 137.5 0.005743963901894984
162.5 142.5 0.007408801168362027
162.5 147.5 0.009986649291735712
162.5 152.5 0.012463896004350215
162.5 157.5 0.014710823234161653
162.5 162.5 0.01775466268775147
162.5 167.5 0.023427732056286565
162.5 172.5 0.03111412752267715
162.5 177.5 0.03843540723570617
167.5 2.5 0.1279786988538074
167.5 7.5 0.13148180987948355
167.5 12.5 0.12895771600603825
167.5 17.5 0.11936868911120971
167.5 22.5 0.10179027128895884
167.5 27.5 0.0826574471661082
167.5 32.5 0.06701407662185123
167.5 37.5 0.05890042779714242
167.5 42.5 0.05805029089960219
167.5 47.5 0.0625317074862431
167.5 52.5 0.06935665529916218
167.5 57.5 0.07696557065510179
167.5 62.5 0.08549345936883435
167.5 67.5 0.09537505690371365
167.5 72.5 0.10054077381181692
167.5 77.5 0.09320747631244573
167.5 82.5 0.07423183246168254
167.5 87.5 0.05170534706751214
167.5 92.5 0.03451513535745849
167.5 97.5 0.025804701293661074
167.5 102.5 0.021441347505961484
167.5 107.5 0.018940852151844993
167.5 112.5 0.017248552416749042
167.5 117.5 0.015276022299816847
167.5 122.5 0.013706103595361048
167.5 127.5 0.013282664407810119
167.5 132.5 0.013886910390251415
167.5 137.5 0.01599035159746113
167.5 142.5 0.0208335793726957
167.5 147.5 0.028462586145994274
167.5 152.5 0.03738800325634684
167.5 157.5 0.047158589729099316
167.5 162.5 0.06122915013574639
167.5 167.5 0.08108902556483115
167.5 172.5 0.10245606334963414
167.5 177.5 0.12279250629624325
172.5 2.5 0.3343010082062814
172.5 7.5 0.3129576027662999
172.5 12.5 0.27379663091636475
172.5 17.5 0.2325498380649369
172.5 22.5 0.18387197938682617
172.5 27.5 0.13847126331629728
172.5 32.5 0.10894569344209556
172.5 37.5 0.0969783124567446
172.5 42.5 0.10044403850557912
172.5 47.5 0.11325844269739073
172.5 52.5 0.13204347864312868
172.5 57.5 0.15509445860972695
172.5 62.5 0.1753973457647884
172.5 67.5 0.19086540339442473
172.5 72.5 0.19475996185227923
172.5 77.5 0.1770948192000717
172.5 82.5 0.13939877472598042
172.5 87.5 0.0976741250730047
172.5 92.5 0.06671159193899522
172.5 97.5 0.05013996350154203
172.5 102.5 0.041841327460540825
172.5 107.5 0.036799577070473724
172.5 112.5 0.03368080705833066
172.5 117.5 0.03118813289416809
172.5 122.5 0.029206201203815074
172.5 127.5 0.029590458975222823
172.5 132.5 0.033196036400914945
172.5 137.5 0.04276814923489475
172.5 142.5 0.05872110445609702
172.5 147.5 0.07994121804994445
172.5 152.5 0.10694906320725485
172.5 157.5 0.13989202239548115
172.5 162.5 0.18318669649935998
172.5 167.5 0.2349205560789775
172.5 172.5 0.29797128164201164
172.5 177.5 0.34575843006247764
177.5 2.5 0.610060011849613
177.5 7.5 0.5442295121144939
177.5 12.5 0.45489072362363336
177.5 17.5 0.37890778597309843
177.5 22.5 0.297659038349935
177.5 27.5 0.22263687541509058
177.5 32.5 0.17122547421932105
177.5 37.5 0.15061712317582818
177.5 42.5 0.15448644219949315
177.5 47.5 0.17688743574251786
177.5 52.5 0.21401544269398995
177.5 57.5 0.25543978390574656
177.5 62.5 0.28167471229057894
177.5 67.5 0.2904155637455328
177.5 72.5 0.28208722483019444
177.5 77.5 0.2529678393162046
177.5 82.5 0.2048093575029635
177.5 87.5 0.15143608747333742
177.5 92.5 0.10842027796662196
177.5 97.5 0.0848110609115911
177.5 102.5 0.07266683053669765
177.5 107.5 0.0635232303660362
177.5 112.5 0.05661045567696572
177.5 117.5 0.05283124415104201
177.5 122.5 0.051632366750838724
177.5 127.5 0.05596829444467856
177.5 132.5 0.07004045307876225
177.5 137.5 0.09868834993646228
177.5 142.5 0.14023840398508236
177.5 147.5 0.19185317781278513
177.5 152.5 0.24950187351008474
177.5 157.5 0.3186794135736322
177.5 162.5 0.41458699950028466
177.5 167.5 0.5225744011201497
177.5 172.5 0.6292486246927413
177.5 177.5 0.6786541041006661
182.5 2.5 0.7623520947334375
182.5 7.5 0.6695353019624617
182.5 12.5 0.5670124758801479
182.5 17.5 0.48703853668546715
182.5 22.5 0.3990082415976891
182.5 27.5 0.30940589093752924
182.5 32.5 0.23942376435581508
182.5 37.5 0.20567621931425942
182.5 42.5 0.2067641809906271
182.5 47.5 0.2360353832667813
182.5 52.5 0.2896560704315871
182.5 57.5 0.3394235485136068
182.5 62.5 0.3543264094554301
182.5 67.5 0.340689339687281
182.5 72.5 0.31274689681297063
182.5 77.5 0.2749025876501115
182.5 82.5 0.2302018380232405
182.5 87.5 0.1820296346015123
182.5 92.5 0.14061889086048013
182.5 97.5 0.11671122305404683
182.5 102.5 0.10269126030839093
182.5 107.5 0.09062770477283794
182.5 112.5 0.08052087668514993
182.5 117.5 0.07567639171108856
182.5 122.5 0.07597274023439678
182.5 127.5 0.08622871672856433
182.5 132.5 0.11581846042377492
182.5 137.5 0.1696643092854216
182.5 142.5 0.24467477026882273
182.5 147.5 0.3340571595374607
182.5 152.5 0.42008045657581494
182.5 157.5 0.519303473957037
182.5 162.5 0.6487117176547129
182.5 167.5 0.7805858654191713
182.5 172.5 0.881255531718376
182.5 177.5 0.8903926320395751
187.5 2.5 0.6665636430035194
187.5 7.5 0.6091881442718103
187.5 12.5 0.5525297354771771
187.5 17.5 0.5082259573712065
187.5 22.5 0.44177609962334063
187.5 27.5 0.3594196176230623
187.5 32.5 0.2832029893214942
187.5 37.5 0.2378773680401856
187.5 42.5 0.23281463073115802
187.5 47.5 0.2626639283717196
187.5 52.5 0.315909241275263
187.5 57.5 0.3549669728941386
187.5 62.5 0.34815910453325966
187.5 67.5 0.3080864635680077
187.5 72.5 0.2651432054086732
187.5 77.5 0.22938803538239633
187.5 82.5 0.20153110577150743
187.5 87.5 0.17286251106143855
187.5 92.5 0.14692795796309394
187.5 97.5 0.12972721396163195
187.5 102.5 0.11752555906407422
187.5 107.5 0.10547540796287631
187.5 112.5 0.09525977812042274
187.5 117.5 0.09064625225102674
187.5 122.5 0.09150693446605257
187.5 127.5 0.10588364036914698
187.5 132.5 0.14474837620045086
187.5 137.5 0.21278680244733425
187.5 142.5 0.30511193604673265
187.5 147.5 0.40279844902089745
187.5 152.5 0.48671544874231654
187.5 157.5 0.5708586418811789
187.5 162.5 0.666987719995897
187.5 167.5 0.7574506404643828
187.5 172.5 0.8061694901155635
187.5 177.5 0.7811060228113141
192.5 2.5 0.4636556452120511
192.5 7.5 0.46321695457280354
192.5 12.5 0.4527161644578757
192.5 17.5 0.4412601947647187
192.5 22.5 0.40409320420916556
192.5 27.5 0.3423183162250222
192.5 32.5 0.27545609093620377
192.5 37.5 0.2276348299931062
192.5 42.5 0.21628994918737054
192.5 47.5 0.2365913811436698
192.5 52.5 0.27448947787279987
192.5 57.5 0.2943572404570908
192.5 62.5 0.27064624359733186
192.5 67.5 0.21934499728053672
192.5 72.5 0.17420995026088693
192.5 77.5 0.15055479047036652
192.5 82.5 0.14276310588524574
192.5 87.5 0.13478842516707457
192.5 92.5 0.12529890810906433
192.5 97.5 0.11739712542719183
192.5 102.5 0.11014870801433001
192.5 107.5 0.10113379515685432
192.5 112.5 0.09402525792820436
192.5 117.5 0.09080908586684801
192.5 122.5 0.09157183671487938
192.5 127.5 0.10403006246614431
192.5 132.5 0.13918488890752487
192.5 137.5 0.1986848060373633
192.5 142.5 0.2758614357002008
192.5 147.5 0.34787653631563903
192.5 152.5 0.39642336580727316
192.5 157.5 0.43231118449750866
192.5 162.5 0.467361700467061
192.5 167.5 0.5000311497320457
192.5 172.5 0.5157201625486201
192.5 177.5 0.5058419248787517
197.5 2.5 0.3198522205455032
197.5 7.5 0.3389582516935542
197.5 12.5 0.3379284339829275
197.5 17.5 0.33129064597011293
197.5 22.5 0.3092108951086914
197.5 27.5 0.2662552748644088
197.5 32.5 0.21680033645323218
197.5 37.5 0.1784514890141312
197.5 42.5 0.16754526030789163
197.5 47.5 0.17694936699840458
197.5 52.5 0.19553363676648555
197.5 57.5 0.2007633332892637
197.5 62.5 0.17487148824965992
197.5 67.5 0.13200888945786438
197.5 72.5 0.09926449782254845
197.5 77.5 0.08663163750925613
197.5 82.5 0.08696239389870028
197.5 87.5 0.08808487057028576
197.5 92.5 0.08752892331171405
197.5 97.5 0.08694605848591307
197.5 102.5 0.08492726249115953
197.5 107.5 0.08096068602306145
197.5 112.5 0.07829949626682824
197.5 117.5 0.07693551772549855
197.5 122.5 0.07740756226859721
197.5 127.5 0.0837874823607911
197.5 132.5 0.10612165567835839
197.5 137.5 0.14218105196046002
197.5 142.5 0.1864965260852022
197.5 147.5 0.22532244499838297
197.5 152.5 0.24235484957653058
197.5 157.5 0.24850185127982516
197.5 162.5 0.25542730949510317
197.5 167.5 0.26673997052222487
197.5 172.5 0.284105888180668
197.5 177.5 0.30838442435140845
202.5 2.5 0.21949338569655402
202.5 7.5 0.23154052108348278
202.5 12.5 0.22590844989405065
202.5 17.5 0.215144841432898
202.5 22.5 0.19728259698177417
202.5 27.5 0.1719018364964544
202.5 32.5 0.14243261161805554
202.5 37.5 0.11917741311837712
202.5 42.5 0.11222836084102418
202.5 47.5 0.11530138891974374
202.5 52.5 0.11812715022268572
202.5 57.5 0.11338726033487773
202.5 62.5 0.09457264086903881
202.5 67.5 0.07010811953166864
202.5 72.5 0.05262795440286266
202.5 77.5 0.04692098865643423
202.5 82.5 0.04744707450618714
202.5 87.5 0.048920394804219516
202.5 92.5 0.05105301117639538
202.5 97.5 0.053589431221035634
202.5 102.5 0.05494944754202714
202.5 107.5 0.05568221395024534
202.5 112.5 0.056692108950504985
202.5 117.5 0.05663057218490549
202.5 122.5 0.0566308283969927
202.5 127.5 0.058954019925268
202.5 132.5 0.06870962054277395
202.5 137.5 0.08446939675889971
202.5 142.5 0.10386854388340436
202.5 147.5 0.12292845097659322
202.5 152.5 0.13500038394513791
202.5 157.5 0.1394791477753231
202.5 162.5 0.14419217177221058
202.5 167.5 0.1568282715262858
202.5 172.5 0.1776380842240633
202.5 177.5 0.20278485022501347
207.5 2.5 0.14327892857655616
207.5 7.5 0.14446821492860135
207.5 12.5 0.13208882781920203
207.5 17.5 0.12032473882763564
207.5 22.5 0.10897657237239375
207.5 27.5 0.09723845108401886
207.5 32.5 0.08286651559761408
207.5 37.5 0.07195344541578143
207.5 42.5 0.067481091669082
207.5 47.5 0.06637233451544002
207.5 52.5 0.06346136815181622
207.5 57.5 0.05552374987599174
207.5 62.5 0.043234036850606124
207.5 67.5 0.03198273647319412
207.5 72.5 0.025912179757749697
207.5 77.5 0.024285584446736532
207.5 82.5 0.024684731778320756
207.5 87.5 0.025608723745199572
207.5 92.5 0.027261599206819937
207.5 97.5 0.02984207748169138
207.5 102.5 0.03292258205823444
207.5 107.5 0.03608317773011444
207.5 112.5 0.03774510573932653
207.5 117.5 0.03816987452406957
207.5 122.5 0.03821128053861086
207.5 127.5 0.0393966285790432
207.5 132.5 0.043600182959997374
207.5 137.5 0.04984623939448294
207.5 142.5 0.05936157385522555
207.5 147.5 0.07167469984062422
207.5 152.5 0.08271625832541286
207.5 157.5 0.09078818339166332
207.5 162.5 0.0996730891861634
207.5 167.5 0.11121416625454446
207.5 172.5 0.12638932415002516
207.5 177.5 0.14046139972835708
212.5 2.5 0.08753037898472016
212.5 7.5 0.08330825465258475
212.5 12.5 0.07090386196227456
212.5 17.5 0.062051023080008566
212.5 22.5 0.05757420311129521
212.5 27.5 0.052705746933671034
212.5 32.5 0.045634384343344395
212.5 37.5 0.040177333497129604
212.5 42.5 0.03779688270707607
212.5 47.5 0.03566406204799743
212.5 52.5 0.03269611428539783
212.5 57.5 0.027280323574130128
212.5 62.5 0.02075019437412753
212.5 67.5 0.01588883679102859
212.5 72.5 0.013131208871494755
212.5 77.5 0.012563414545715123
212.5 82.5 0.012696643334791266
212.5 87.5 0.013361280342816338
212.5 92.5 0.01479096399362307
212.5 97.5 0.017134323918724038
212.5 102.5 0.020429218256562902
212.5 107.5 0.023351330837537612
212.5 112.5 0.024742585380523482
212.5 117.5 0.025283833384588682
212.5 122.5 0.025578657375457968
212.5 127.5 0.026781669799613578
212.5 132.5 0.028930223341363588
212.5 137.5 0.03227679203946499
212.5 142.5 0.03852801268096315
212.5 147.5 0.04743453293760044
212.5 152.5 0.05758633828107027
212.5 157.5 0.06645875758503453
212.5 162.5 0.07315365105393633
212.5 167.5 0.07986029457397902
212.5 172.5 0.08761045651974157
212.5 177.5 0.09354209084741374
217.5 2.5 0.0471196043064333
217.5 7.5 0.04550976291371178
217.5 12.5 0.0388800361507061
217.5 17.5 0.034351135703252725
217.5 22.5 0.03212373103830183
217.5 27.5 0.02944105004372105
217.5 32.5 0.0256785744713918
217.5 37.5 0.022703261059561372
217.5 42.5 0.021193551435764017
217.5 47.5 0.020081915473162407
217.5 52.5 0.018407733336936034
217.5 57.5 0.015695328453789747
217.5 62.5 0.012667571340119962
217.5 67.5 0.009914049138001008
217.5 72.5 0.008214222985692805
217.5 77.5 0.0075476564732630536
217.5 82.5 0.007384482081514199
217.5 87.5 0.007741267848700271
217.5 92.5 0.00893225890559682
217.5 97.5 0.011060441298924343
217.5 102.5 0.013623540168581106
217.5 107.5 0.01592777749183483
217.5 112.5 0.017339042557603435
217.5 117.5 0.01775884829324819
217.5 122.5 0.017942901475970618
217.5 127.5 0.018660523495978486
217.5 132.5 0.02017801483134959
217.5 137.5 0.022843569962964373
217.5 142.5 0.0278344296116763
217.5 147.5 0.03499399310519084
217.5 152.5 0.04226121557062785
217.5 157.5 0.04781681271586073
217.5 162.5 0.05000635658753657
217.5 167.5 0.05076777776518057
217.5 172.5 0.05160665985998675
217.5 177.5 0.052300906244266136
222.5 2.5 0.020624422976974394
222.5 7.5 0.021811601296591928
222.5 12.5 0.020102067886136797
222.5 17.5 0.01872085613550808
222.5 22.5 0.017737128574419864
222.5 27.5 0.0165699937373112
222.5 32.5 0.015041325565091591
222.5 37.5 0.013631253871263132
222.5 42.5 0.012769264666992438
222.5 47.5 0.012289035381962899
222.5 52.5 0.011637959269313075
222.5 57.5 0.010395763236014833
222.5 62.5 0.008910925297520881
222.5 67.5 0.007535935428175782
222.5 72.5 0.006424027489184574
222.5 77.5 0.0057666699109792776
222.5 82.5 0.005406246941524694
222.5 87.5 0.005618127235063813
222.5 92.5 0.006663376241270275
222.5 97.5 0.008209660477705123
222.5 102.5 0.009929439905879491
222.5 107.5 0.011479957098961156
222.5 112.5 0.012509808498053002
222.5 117.5 0.012947526864074101
222.5 122.5 0.013158634529013672
222.5 127.5 0.013627343671551898
222.5 132.5 0.014568524246234827
222.5 137.5 0.01620410141716257
222.5 142.5 0.018942320548113293
222.5 147.5 0.023107158864904557
222.5 152.5 0.027003954656643195
222.5 157.5 0.029383307457342887
222.5 162.5 0.029011693232552437
222.5 167.5 0.026560000131467247
222.5 172.5 0.024238626432407533
222.5 177.5 0.023094350231637473
227.5 2.5 0.008142352603121008
227.5 7.5 0.00994252342932755
227.5 12.5 0.01031712167248437
227.5 17.5 0.010299248792810559
227.5 22.5 0.010030886470407282
227.5 27.5 0.009576711862168852
227.5 32.5 0.009059910381729116
227.5 37.5 0.008554130036904299
227.5 42.5 0.008066679444241926
227.5 47.5 0.007782985320441729
227.5 52.5 0.007443078968153399
227.5 57.5 0.006987222508475342
227.5 62.5 0.00634487686256657
227.5 67.5 0.0057024194326341865
227.5 72.5 0.00524361362639067
227.5 77.5 0.0049026494444449455
227.5 82.5 0.004718841381608745
227.5 87.5 0.004826261137408088
227.5 92.5 0.005352765946714138
227.5 97.5 0.006326492590775685
227.5 102.5 0.0074604768966684085
227.5 107.5 0.008530959827611588
227.5 112.5 0.009302576036705375
227.5 117.5 0.009577175765906892
227.5 122.5 0.009606828963919794
227.5 127.5 0.009897428549740772
227.5 132.5 0.010430656304869907
227.5 137.5 0.011225965921896595
227.5 142.5 0.012125703326868366
227.5 147.5 0.013361763471373177
227.5 152.5 0.014574253020656321
227.5 157.5 0.014945514408503833
227.5 162.5 0.014082849117657295
227.5 167.5 0.012153986268683038
227.5 172.5 0.010010777602051346
227.5 177.5 0.009003513096148694
232.5 2.5 0.0037191088633355793
232.5 7.5 0.004983322684662038
232.5 12.5 0.005591254942629039
232.5 17.5 0.005994347525254323
232.5 22.5 0.006053059188700846
232.5 27.5 0.005941574662190099
232.5 32.5 0.005810416424606879
232.5 37.5 0.005596736652685014
232.5 42.5 0.005390251339763464
232.5 47.5 0.005173457918574038
232.5 52.5 0.005018189241471091
232.5 57.5 0.004843970542871324
232.5 62.5 0.004640431197780318
232.5 67.5 0.004452460709819327
232.5 72.5 0.004320986442092462
232.5 77.5 0.004274036936198195
232.5 82.5 0.00427283688609396
232.5 87.5 0.0043640704190499435
232.5 92.5 0.004577103084805469
232.5 97.5 0.005034941740932821
232.5 102.5 0.0056550842436714245
232.5 107.5 0.006348113259591617
232.5 112.5 0.006953893067442609
232.5 117.5 0.007273775369988424
232.5 122.5 0.007279591715029935
232.5 127.5 0.007282123207242108
232.5 132.5 0.0074204066120306675
232.5 137.5 0.007689095974427324
232.5 142.5 0.008017619652968568
232.5 147.5 0.008238026005591228
232.5 152.5 0.008411212265048037
232.5 157.5 0.00831752136579927
232.5 162.5 0.007743563694018938
232.5 167.5 0.006670345903165558
232.5 172.5 0.005408506094444938
232.5 177.5 0.0044902559654091964
237.5 2.5 0.0028869239490049428
237.5 7.5 0.0034981770422676957
237.5 12.5 0.0037544605341454226
237.5 17.5 0.004082363179689984
237.5 22.5 0.004430466678436331
237.5 27.5 0.004631156715726817
237.5 32.5 0.004625210071301077
237.5 37.5 0.0044487257873302676
237.5 42.5 0.004202200826439221
237.5 47.5 0.004014839228661637
237.5 52.5 0.0038732151271906583
237.5 57.5 0.003787778763949948
237.5 62.5 0.0037314175440210165
237.5 67.5 0.0037301842938556526
237.5 72.5 0.0038099810950972543
237.5 77.5 0.003914872897316987
237.5 82.5 0.0040508674563205825
237.5 87.5 0.004160807901998469
237.5 92.5 0.004266518083429562
237.5 97.5 0.004409165129041419
237.5 102.5 0.004671815939949933
237.5 107.5 0.005013515872801446
237.5 112.5 0.005369493894059417
237.5 117.5 0.00561704740365754
237.5 122.5 0.005660415532483639
237.5 127.5 0.005564581574816035
237.5 132.5 0.005565746324153154
237.5 137.5 0.005629380157271029
237.5 142.5 0.005808904467123594
237.5 147.5 0.006229492740302277
237.5 152.5 0.006703223753377469
237.5 157.5 0.006880550703072273
237.5 162.5 0.006551877770772795
237.5 167.5 0.005732460507511619
237.5 172.5 0.004671692431282235
237.5 177.5 0.003852280905113801
242.5 2.5 0.004166283970643384
242.5 7.5 0.004511655769466162
242.5 12.5 0.004505361498188888
242.5 17.5 0.004686089306464433
242.5 22.5 0.004818230309661492
242.5 27.5 0.004852862951797199
242.5 32.5 0.004782872481003945
242.5 37.5 0.004504438372839134
242.5 42.5 0.004081957226735427
242.5 47.5 0.0037480638923529626
242.5 52.5 0.003514463906811837
242.5 57.5 0.0033682851657816392
242.5 62.5 0.0033086790872226698
242.5 67.5 0.003391039447292232
242.5 72.5 0.003544999435052441
242.5 77.5 0.0037481799747758333
242.5 82.5 0.003967798197930226
242.5 87.5 0.004119474866456569
242.5 92.5 0.004186468267756464
242.5 97.5 0.0042642081337119515
242.5 102.5 0.004386324082025231
242.5 107.5 0.004525531971647648
242.5 112.5 0.004642029979694813
242.5 117.5 0.004721105405800771
242.5 122.5 0.00468752417358204
242.5 127.5 0.0046171163905018055
242.5 132.5 0.00473486481982229
242.5 137.5 0.00502195765986681
242.5 142.5 0.005581308507864262
242.5 147.5 0.006382848950122545
242.5 152.5 0.007121998267901189
242.5 157.5 0.007600123160681622
242.5 162.5 0.007657525316378838
242.5 167.5 0.007183640926744109
242.5 172.5 0.006337771232445807
242.5 177.5 0.005466774571804152
247.5 2.5 0.007574389177953789
247.5 7.5 0.008040815130997756
247.5 12.5 0.007832690550848856
247.5 17.5 0.00761539908899243
247.5 22.5 0.007275323667169517
247.5 27.5 0.006730678093489953
247.5 32.5 0.00620160233493562
247.5 37.5 0.005710128531568181
247.5 42.5 0.005092517888158914
247.5 47.5 0.0043684376452821656
247.5 52.5 0.003793429646530825
247.5 57.5 0.0034687436188393854
247.5 62.5 0.0033276615288510363
247.5 67.5 0.0033174742699855412
247.5 72.5 0.0034663585287927684
247.5 77.5 0.003753558240838229
247.5 82.5 0.004065072948309129
247.5 87.5 0.0042763272815379465
247.5 92.5 0.004414718720244553
247.5 97.5 0.004529319238518239
247.5 102.5 0.004598953965664857
247.5 107.5 0.0046158154887521305
247.5 112.5 0.004650925494494094
247.5 117.5 0.004660110681978429
247.5 122.5 0.004638732490015673
247.5 127.5 0.00478029000628943
247.5 132.5 0.0051828029264281116
247.5 137.5 0.005859191946811828
247.5 142.5 0.006976882107129562
247.5 147.5 0.008365307310369071
247.5 152.5 0.009803978636850197
247.5 157.5 0.010998540032541804
247.5 162.5 0.011663467123039261
247.5 167.5 0.011621483062757685
247.5 172.5 0.010707924414970997
247.5 177.5 0.009518612611790515
252.5 2.5 0.015502674494920278
252.5 7.5 0.015850028739837867
252.5 12.5 0.014912898287430658
252.5 17.5 0.013705685711711256
252.5 22.5 0.012189055571707814
252.5 27.5 0.01055952778118277
252.5 32.5 0.009137864576093589
252.5 37.5 0.007950624563317014
252.5 42.5 0.006944199147884083
252.5 47.5 0.005794700805288913
252.5 52.5 0.004718132680167104
252.5 57.5 0.004031290506817724
252.5 62.5 0.003682960837453329
252.5 67.5 0.0035654768308090233
252.5 72.5 0.0037245647621271284
252.5 77.5 0.004085489708670186
252.5 82.5 0.004475682896497973
252.5 87.5 0.004826325191852593
252.5 92.5 0.005128119721596422
252.5 97.5 0.005370752409300695
252.5 102.5 0.005507240246349287
252.5 107.5 0.005617760478642933
252.5 112.5 0.005770441623774344
252.5 117.5 0.005987558812580915
252.5 122.5 0.006196791801344463
252.5 127.5 0.0065333251961076245
252.5 132.5 0.00721157498233218
252.5 137.5 0.008352256153175653
252.5 142.5 0.010049147317927878
252.5 147.5 0.012183366645873887
252.5 152.5 0.014733960091914909
252.5 157.5 0.01711504269956924
252.5 162.5 0.01890134883642157
252.5 167.5 0.01946436974710013
252.5 172.5 0.019092837427417773
252.5 177.5 0.018259772089295623
257.5 2.5 0.030536416402493164
257.5 7.5 0.03041870638265512
257.5 12.5 0.02758098529418176
257.5 17.5 0.02407753979348591
257.5 22.5 0.020079590605376688
257.5 27.5 0.016268375549043347
257.5 32.5 0.013280435979263637
257.5 37.5 0.011055814486191667
257.5 42.5 0.009314964718215649
257.5 47.5 0.0076856352257066215
257.5 52.5 0.006142967139929214
257.5 57.5 0.005002378772797773
257.5 62.5 0.004396360179040659
257.5 67.5 0.004211113875466403
257.5 72.5 0.004406739030354339
257.5 77.5 0.00487979625301582
257.5 82.5 0.005436472181910584
257.5 87.5 0.006074097756707141
257.5 92.5 0.006702460982914559
257.5 97.5 0.007129941442325012
257.5 102.5 0.007436120269022261
257.5 107.5 0.007847456263271234
257.5 112.5 0.008382148915384103
257.5 117.5 0.00898875981586074
257.5 122.5 0.009667628552046899
257.5 127.5 0.010542758770688363
257.5 132.5 0.011706367117938045
257.5 137.5 0.013074583557557943
257.5 142.5 0.015006491079155916
257.5 147.5 0.018067453381292384
257.5 152.5 0.022253009461068514
257.5 157.5 0.02672978830495199
257.5 162.5 0.03065001400137872
257.5 167.5 0.0330325708635227
257.5 172.5 0.03460800132046613
257.5 177.5 0.03475124139833038
262.5 2.5 0.05454866334599299
262.5 7.5 0.05270314931702092
262.5 12.5 0.04710488011951557
262.5 17.5 0.03985459640648764
262.5 22.5 0.03142076253821063
262.5 27.5 0.023809188950449426
262.5 32.5 0.0182937482093341
262.5 37.5 0.014695861822435777
262.5 42.5 0.012065256229461491
262.5 47.5 0.009777971756277547
262.5 52.5 0.007789048693759397
262.5 57.5 0.0062924158377352015
262.5 62.5 0.005513982987377453
262.5 67.5 0.005415671563064769
262.5 72.5 0.005857678791925228
262.5 77.5 0.006542234180580344
262.5 82.5 0.0073882342104083605
262.5 87.5 0.00830314699471711
262.5 92.5 0.009125073741531839
262.5 97.5 0.009733926756496135
262.5 102.5 0.010461783946392713
262.5 107.5 0.011705111456679303
262.5 112.5 0.013226074767940719
262.5 117.5 0.014748188880779854
262.5 122.5 0.016005894145965222
262.5 127.5 0.01763414545160472
262.5 132.5 0.019482024785144974
262.5 137.5 0.020923868666463553
262.5 142.5 0.022859933808839963
262.5 147.5 0.02697715628987207
262.5 152.5 0.033756169656238386
262.5 157.5 0.04357218491708976
262.5 162.5 0.052587029761229795
262.5 167.5 0.06088403533518931
262.5 172.5 0.06531671268287204
262.5 177.5 0.06306937071038712
267.5 2.5 0.11239573850172338
267.5 7.5 0.09945385730208361
267.5 12.5 0.08148760150287401
267.5 17.5 0.06476463447950512
267.5 22.5 0.04895072327564057
267.5 27.5 0.03474079887552534
267.5 32.5 0.024178912050198502
267.5 37.5 0.018279688524786203
267.5 42.5 0.014683251214387526
267.5 47.5 0.011799811527193399
267.5 52.5 0.009396650543710465
267.5 57.5 0.007837464426256144
267.5 62.5 0.007174237397084894
267.5 67.5 0.0073823992720573935
267.5 72.5 0.008151141661702575
267.5 77.5 0.009137184852354756
267.5 82.5 0.010268245638349806
267.5 87.5 0.011444704651454762
267.5 92.5 0.01256844946877568
267.5 97.5 0.013835900559420473
267.5 102.5 0.015720742620180986
267.5 107.5 0.018288699602543406
267.5 112.5 0.020926664882534054
267.5 117.5 0.02341121099513189
267.5 122.5 0.025988301273406768
267.5 127.5 0.02847247708225802
267.5 132.5 0.030441059112546076
267.5 137.5 0.03245170665525597
267.5 142.5 0.03554120876242281
267.5 147.5 0.043449147518601884
267.5 152.5 0.061803242248584925
267.5 157.5 0.08828779613249049
267.5 162.5 0.11763588160405739
267.5 167.5 0.13802094822778857
267.5 172.5 0.14115653464325947
267.5 177.5 0.13291255589288423
272.5 2.5 0.24865071754806578
272.5 7.5 0.19506645013752671
272.5 12.5 0.14102623393133185
272.5 17.5 0.10093862682029763
272.5 22.5 0.06979831313646738
272.5 27.5 0.048388451624616496
272.5 32.5 0.031520589511370226
272.5 37.5 0.021786988379518715
272.5 42.5 0.016673835514139725
272.5 47.5 0.013318006184568663
272.5 52.5 0.010832751104525655
272.5 57.5 0.009566609215015376
272.5 62.5 0.009257511906114832
272.5 67.5 0.009828670444292075
272.5 72.5 0.011053060183683988
272.5 77.5 0.012463348746797871
272.5 82.5 0.014068700142467678
272.5 87.5 0.016096915187341663
272.5 92.5 0.01835203776212497
272.5 97.5 0.021041120869613232
272.5 102.5 0.024936335174550465
272.5 107.5 0.02954470014116733
272.5 112.5 0.03450195063357956
272.5 117.5 0.03950295569751192
272.5 122.5 0.044452385670995076
272.5 127.5 0.049620789878706134
272.5 132.5 0.05644178784104408
272.5 137.5 0.06408624266598308
272.5 142.5 0.07243688286722479
272.5 147.5 0.0946643857978628
272.5 152.5 0.14197211559866088
272.5 157.5 0.21584605363670115
272.5 162.5 0.2871909137054672
272.5 167.5 0.33202568822396994
272.5 172.5 0.36344226053698775
272.5 177.5 0.3334666621404491
277.5 2.5 0.5000446246520178
277.5 7.5 0.3321660220567654
277.5 12.5 0.21100405490738566
277.5 17.5 0.13649203219307213
277.5 22.5 0.08767691096585573
277.5 27.5 0.05865466031427593
277.5 32.5 0.037743263825445156
277.5 37.5 0.02475886097527117
277.5 42.5 0.017911841021545357
277.5 47.5 0.01419224825413807
277.5 52.5 0.011924708580184273
277.5 57.5 0.011114407710323739
277.5 62.5 0.011341303965919643
277.5 67.5 0.012473331927388268
277.5 72.5 0.014308651160151821
277.5 77.5 0.016443446455066506
277.5 82.5 0.01939734968612695
277.5 87.5 0.02357888712985968
277.5 92.5 0.028356065462362787
277.5 97.5 0.03406387219238816
277.5 102.5 0.04154573338272839
277.5 107.5 0.0521526348773831
277.5 112.5 0.06625786680187944
277.5 117.5 0.08237004986064181
277.5 122.5 0.097341414295436
277.5 127.5 0.11166879586296512
277.5 132.5 0.13278708216325025
277.5 137.5 0.15836985970199668
277.5 142.5 0.19357822461747898
277.5 147.5 0.25240754770364104
277.5 152.5 0.3716467067985235
277.5 157.5 0.583670815799841
277.5 162.5 0.7904826483607316
277.5 167.5 0.9193246204075329
277.5 172.5 0.9477192975637425
277.5 177.5 0.7879217385382031
282.5 2.5 0.7651406880242911
282.5 7.5 0.43675027118843934
282.5 12.5 0.25006994787972414
282.5 17.5 0.1504518073813009
282.5 22.5 0.09291704936212643
282.5 27.5 0.06083299082804486
282.5 32.5 0.039366192124744966
282.5 37.5 0.02569963475760788
282.5 42.5 0.018149203236666186
282.5 47.5 0.01432808491885029
282.5 52.5 0.012620298395275932
282.5 57.5 0.012644244074160326
282.5 62.5 0.013714983779193978
282.5 67.5 0.015720297063864058
282.5 72.5 0.018447832273682997
282.5 77.5 0.021701496031087956
282.5 82.5 0.02706355432546888
282.5 87.5 0.03521390240079547
282.5 92.5 0.04606670796525334
282.5 97.5 0.05973713832739596
282.5 102.5 0.07724894072228457
282.5 107.5 0.10152956694812645
282.5 112.5 0.13481006329745446
282.5 117.5 0.17378047194464608
282.5 122.5 0.2075056756789172
282.5 127.5 0.243761733890165
282.5 132.5 0.3015621116262113
282.5 137.5 0.379488585048726
282.5 142.5 0.4765264985561007
282.5 147.5 0.6275435465705441
282.5 152.5 0.9456953503434478
282.5 157.5 1.5107771751788508
282.5 162.5 2.0579424304501175
282.5 167.5 2.2487802712312543
282.5 172.5 1.9799798283848575
282.5 177.5 1.3885034482491925
287.5 2.5 0.7734166190683502
287.5 7.5 0.42247884908741173
287.5 12.5 0.2274152861013575
287.5 17.5 0.13207445782321123
287.5 22.5 0.08170584451176274
287.5 27.5 0.053906548097678676
287.5 32.5 0.03559346618226448
287.5 37.5 0.023945076098461547
287.5 42.5 0.017168604670480456
287.5 47.5 0.013993927459035958
287.5 52.5 0.013256056627554512
287.5 57.5 0.014398858424546404
287.5 62.5 0.016475688759380328
287.5 67.5 0.019610619130069177
287.5 72.5 0.02341983048512456
287.5 77.5 0.028752416084277088
287.5 82.5 0.037929842606787424
287.5 87.5 0.052653421604166736
287.5 92.5 0.07381009288898521
287.5 97.5 0.10025525913518586
287.5 102.5 0.13512511956739748
287.5 107.5 0.18370785730512515
287.5 112.5 0.2503953917689324
287.5 117.5 0.32628815319886506
287.5 122.5 0.4007942834602653
287.5 127.5 0.5076598769474728
287.5 132.5 0.6414115544357556
287.5 137.5 0.7875907627760462
287.5 142.5 0.9790477560216406
287.5 147.5 1.2858457011074198
287.5 152.5 1.8402890885613497
287.5 157.5 2.7450392064855698
287.5 162.5 3.5065843692059215
287.5 167.5 3.4491413548253944
287.5 172.5 2.6032906896167134
287.5 177.5 1.5572661178941363
292.5 2.5 0.5113068614568215
292.5 7.5 0.29442281137857457
292.5 12.5 0.16124711289950305
292.5 17.5 0.09351661520154499
292.5 22.5 0.06011498657184569
292.5 27.5 0.04098325661980095
292.5 32.5 0.02852607317846054
292.5 37.5 0.02024738177653284
292.5 42.5 0.015300740615189205
292.5 47.5 0.013338400140649891
292.5 52.5 0.0137976608295784
292.5 57.5 0.015986087918592806
292.5 62.5 0.019102093536836097
292.5 67.5 0.023329893618928295
292.5 72.5 0.028589069133807828
292.5 77.5 0.03654365747303344
292.5 82.5 0.049349635940175295
292.5 87.5 0.06998744449695606
292.5 92.5 0.10025738037472501
292.5 97.5 0.1405207208391236
292.5 102.5 0.19398974743539416
292.5 107.5 0.27173407050106535
292.5 112.5 0.37934381432765923
292.5 117.5 0.5051229768041096
292.5 122.5 0.6600935792891225
292.5 127.5 0.8493443518160275
292.5 132.5 1.0335041542028083
292.5 137.5 1.1984092109487363
292.5 142.5 1.4144685704022524
292.5 147.5 1.7651491922568836
292.5 152.5 2.2480443444600247
292.5 157.5 2.8308275321957415
292.5 162.5 3.1482391007215975
292.5 167.5 2.7660616597826677
292.5 172.5 1.8797555943717368
292.5 177.5 1.0376509810677865
297.5 2.5 0.2548053995250313
297.5 7.5 0.16252801714766596
297.5 12.5 0.09182686695390399
297.5 17.5 0.055925929513624496
297.5 22.5 0.038759588497540264
297.5 27.5 0.02802287555387069
297.5 32.5 0.020949608582256873
297.5 37.5 0.015953076300113424
297.5 42.5 0.012944291471767734
297.5 47.5 0.012320727271907183
297.5 52.5 0.013853754660810133
297.5 57.5 0.016858639156196908
297.5 62.5 0.020787365552479713
297.5 67.5 0.02593162938752862
297.5 72.5 0.03235532669238159
297.5 77.5 0.04188704314738588
297.5 82.5 0.05597284767695757
297.5 87.5 0.07783219444307203
297.5 92.5 0.11116081407259068
297.5 97.5 0.15884031797773712
297.5 102.5 0.22156570695028835
297.5 107.5 0.3099545018480327
297.5 112.5 0.43217493279698044
297.5 117.5 0.5816980627784103
297.5 122.5 0.7722513806113869
297.5 127.5 0.9768781142695501
297.5 132.5 1.120184130155781
297.5 137.5 1.180138191825695
297.5 142.5 1.2673230477051396
297.5 147.5 1.4408948344903634
297.5 152.5 1.5999206411855078
297.5 157.5 1.6633374639636536
297.5 162.5 1.5510521104272448
297.5 167.5 1.2377898848986566
297.5 172.5 0.8099982972143609
297.5 177.5 0.46344212721314865
302.5 2.5 0.10884015957387908
302.5 7.5 0.07475165514426267
302.5 12.5 0.04658873913045476
302.5 17.5 0.030712452559626638
302.5 22.5 0.022865533102813175
302.5 27.5 0.017965710344370577
302.5 32.5 0.014559389203066517
302.5 37.5 0.011810702983464585
302.5 42.5 0.01040894331776517
302.5 47.5 0.010839206233206163
302.5 52.5 0.013092410828856496
302.5 57.5 0.016548536118059134
302.5 62.5 0.02091886685799563
302.5 67.5 0.026387252270595494
302.5 72.5 0.03312295814301738
302.5 77.5 0.042256744985533355
302.5 82.5 0.05476864249813428
302.5 87.5 0.07227577232565097
302.5 92.5 0.10038432127183117
302.5 97.5 0.14391453744239888
302.5 102.5 0.19941815410970315
302.5 107.5 0.2670633809440673
302.5 112.5 0.35922127651746577
302.5 117.5 0.47174370459101317
302.5 122.5 0.6100140081450086
302.5 127.5 0.7410763171652777
302.5 132.5 0.7946133514871644
302.5 137.5 0.7542703830049936
302.5 142.5 0.7197481620333791
302.5 147.5 0.7346045400754563
302.5 152.5 0.7242360060332731
302.5 157.5 0.661916074588089
302.5 162.5 0.5443280234155479
302.5 167.5 0.4115316955854069
302.5 172.5 0.27217692553873146
302.5 177.5 0.1751284534275124
307.5 2.5 0.04306694878453518
307.5 7.5 0.033558967412738186
307.5 12.5 0.02335381217070822
307.5 17.5 0.016691310784436777
307.5 22.5 0.013754082842341968
307.5 27.5 0.011660836286585242
307.5 32.5 0.009913893548007797
307.5 37.5 0.008460581463033637
307.5 42.5 0.007973693484628685
307.5 47.5 0.009080653205418536
307.5 52.5 0.011539015641259281
307.5 57.5 0.015000565672507304
307.5 62.5 0.019203752210783763
307.5 67.5 0.024288623504200045
307.5 72.5 0.030261689517770182
307.5 77.5 0.037619772490052
307.5 82.5 0.04669983918041683
307.5 87.5 0.057552247096687235
307.5 92.5 0.07467295458753305
307.5 97.5 0.10498613745346855
307.5 102.5 0.1421060181075489
307.5 107.5 0.17907283602630367
307.5 112.5 0.22162458568577945
307.5 117.5 0.27479191189641944
307.5 122.5 0.33499640017901844
307.5 127.5 0.39045728599268453
307.5 132.5 0.3979285321944704
307.5 137.5 0.3568110356240509
307.5 142.5 0.31366166447389293
307.5 147.5 0.28254854905886656
307.5 152.5 0.2525528809136405
307.5 157.5 0.2096611757217604
307.5 162.5 0.16737964678129763
307.5 167.5 0.1264293043051637
307.5 172.5 0.08587927967385621
307.5 177.5 0.05903919494106638
312.5 2.5 0.01889605468986504
312.5 7.5 0.015888326830408243
312.5 12.5 0.012289919014290877
312.5 17.5 0.009980689753882629
312.5 22.5 0.008718462747607056
312.5 27.5 0.007757130769051302
312.5 32.5 0.006754492036087799
312.5 37.5 0.005989582850477965
312.5 42.5 0.005967610569236901
312.5 47.5 0.007093334774425359
312.5 52.5 0.009368757717377057
312.5 57.5 0.01246657012952188
312.5 62.5 0.01604280723264316
312.5 67.5 0.020088423329385645
312.5 72.5 0.024538609398699163
312.5 77.5 0.02955465795362618
312.5 82.5 0.0349626848069105
312.5 87.5 0.04047322074716966
312.5 92.5 0.048056724189151634
312.5 97.5 0.06360757081702126
312.5 102.5 0.08489317554085844
312.5 107.5 0.10180077401146576
312.5 112.5 0.11341403726481912
312.5 117.5 0.12422321398713171
312.5 122.5 0.13522393348498382
312.5 127.5 0.15349938604718183
312.5 132.5 0.16130684157277828
312.5 137.5 0.15207314227738913
312.5 142.5 0.1290151387566539
312.5 147.5 0.11031352505538715
312.5 152.5 0.09375124991829807
312.5 157.5 0.07143298996001611
312.5 162.5 0.05400113399289766
312.5 167.5 0.03891391726781758
312.5 172.5 0.027483812412013323
312.5 177.5 0.021765072325663916
317.5 2.5 0.008486563054917311
317.5 7.5 0.007290730113705597
317.5 12.5 0.0061661971016294
317.5 17.5 0.005569400545108459
317.5 22.5 0.005293538634998539
317.5 27.5 0.004946534115515986
317.5 32.5 0.004534571351765458
317.5 37.5 0.00422540851583242
317.5 42.5 0.004264393196787591
317.5 47.5 0.005113973751873316
317.5 52.5 0.00694739911416342
317.5 57.5 0.009464198532208265
317.5 62.5 0.01215165749826967
317.5 67.5 0.01493442895782747
317.5 72.5 0.01769691351787956
317.5 77.5 0.020379790521119916
317.5 82.5 0.02310321861689177
317.5 87.5 0.0254804493099469
317.5 92.5 0.02849428517114096
317.5 97.5 0.035240456680503844
317.5 102.5 0.04609291369148846
317.5 107.5 0.055680353539976205
317.5 112.5 0.058539489208365963
317.5 117.5 0.055750645158725236
317.5 122.5 0.052437206641568215
317.5 127.5 0.05371492401876611
317.5 132.5 0.058208963275175316
317.5 137.5 0.057049420116591025
317.5 142.5 0.05057253323504884
317.5 147.5 0.043841475159723205
317.5 152.5 0.036130809806612534
317.5 157.5 0.027119362969921134
317.5 162.5 0.020085906324527645
317.5 167.5 0.015004284757529752
317.5 172.5 0.01072153621323796
317.5 177.5 0.009332519912778423
322.5 2.5 0.0031728953347810993
322.5 7.5 0.002819941465327907
322.5 12.5 0.002765631926735301
322.5 17.5 0.0030105857592566585
322.5 22.5 0.0032140360970450135
322.5 27.5 0.003261848408945984
322.5 32.5 0.0031235848065706254
322.5 37.5 0.002911008773585901
322.5 42.5 0.002918944383265468
322.5 47.5 0.0034806181532957706
322.5 52.5 0.004737606558440714
322.5 57.5 0.006447826325956853
322.5 62.5 0.008204738590342566
322.5 67.5 0.009801315962706643
322.5 72.5 0.011353287043342111
322.5 77.5 0.012581576979673131
322.5 82.5 0.013416949996564252
322.5 87.5 0.014046773525996713
322.5 92.5 0.015008849219890848
322.5 97.5 0.01738928490035542
322.5 102.5 0.02246375743417605
322.5 107.5 0.027555553038141663
322.5 112.5 0.029157014717027294
322.5 117.5 0.027042386840819565
322.5 122.5 0.024799595129288435
322.5 127.5 0.02427048263871197
322.5 132.5 0.02439820048159935
322.5 137.5 0.02246950055738206
322.5 142.5 0.019560578765968308
322.5 147.5 0.016822687420160243
322.5 152.5 0.013422653366211082
322.5 157.5 0.010322514744913037
322.5 162.5 0.0081796300592745
322.5 167.5 0.006004035916406275
322.5 172.5 0.004389123391481282
322.5 177.5 0.0036727149467830934
327.5 2.5 9.929901711415048E-4
327.5 7.5 0.0011090779660612904
327.5 12.5 0.0013636439617888594
327.5 17.5 0.0017071528390517254
327.5 22.5 0.001988804931882334
327.5 27.5 0.0021194773234065336
327.5 32.5 0.0020876631375214318
327.5 37.5 0.0019973231979309772
327.5 42.5 0.0019891385536536478
327.5 47.5 0.0023270046433298682
327.5 52.5 0.003038664275580047
327.5 57.5 0.004021062552786566
327.5 62.5 0.005013365951263519
327.5 67.5 0.005747705562574526
327.5 72.5 0.006305254638594849
327.5 77.5 0.006815516907909532
327.5 82.5 0.007117219259879087
327.5 87.5 0.0072853358469040915
327.5 92.5 0.007510394159087014
327.5 97.5 0.008123911509358513
327.5 102.5 0.009576476807955077
327.5 107.5 0.01166438280372948
327.5 112.5 0.012639597680635167
327.5 117.5 0.012282835688635653
327.5 122.5 0.011497158806170195
327.5 127.5 0.010885541243949979
327.5 132.5 0.009711405276971556
327.5 137.5 0.008242735294135222
327.5 142.5 0.00700745145187696
327.5 147.5 0.006183800900874107
327.5 152.5 0.005615128329880222
327.5 157.5 0.0049838374026539255
327.5 162.5 0.003790466701480556
327.5 167.5 0.002412991825415399
327.5 172.5 0.0014854177643344954
327.5 177.5 0.0011050003128331312
332.5 2.5 3.073033898286107E-4
332.5 7.5 4.5733134392033357E-4
332.5 12.5 7.131825746960449E-4
332.5 17.5 9.696125801017067E-4
332.5 22.5 0.001180912706365376
332.5 27.5 0.0013176199045528564
332.5 32.5 0.0013633829697778399
332.5 37.5 0.0013604796259286634
332.5 42.5 0.0013722968055741422
332.5 47.5 0.0015104753520317773
332.5 52.5 0.0018718357726241232
332.5 57.5 0.0024111749089099676
332.5 62.5 0.0029301795744620723
332.5 67.5 0.003274968257332546
332.5 72.5 0.0034632981886357516
332.5 77.5 0.0036002529888989696
332.5 82.5 0.00376747134325956
332.5 87.5 0.003928543085334463
332.5 92.5 0.004082320284583173
332.5 97.5 0.004365277548887535
332.5 102.5 0.004887340391949622
332.5 107.5 0.005644861398405715
332.5 112.5 0.006203161681049153
332.5 117.5 0.006265978706266172
332.5 122.5 0.00586248214047872
332.5 127.5 0.005003652059271004
332.5 132.5 0.003857153458786165
332.5 137.5 0.002851284171325959
332.5 142.5 0.0024749322673102967
332.5 147.5 0.002498652859068423
332.5 152.5 0.002312192060564749
332.5 157.5 0.0018444261893143313
332.5 162.5 0.0012462502552133517
332.5 167.5 7.272367119887805E-4
332.5 172.5 4.938730530396232E-4
332.5 177.5 3.397690297306718E-4
337.5 2.5 7.80471036840132E-5
337.5 7.5 1.862184797670028E-4
337.5 12.5 3.476180731189912E-4
337.5 17.5 5.140833238854529E-4
337.5 22.5 6.631047737999212E-4
337.5 27.5 7.728132032551793E-4
337.5 32.5 8.296468023191602E-4
337.5 37.5 8.577908272705297E-4
337.5 42.5 8.997650920715581E-4
337.5 47.5 9.839752697660923E-4
337.5 52.5 0.0011537918326123724
337.5 57.5 0.0014229302663884096
337.5 62.5 0.0017364201676317692
337.5 67.5 0.001999117819983892
337.5 72.5 0.0021737701624502245
337.5 77.5 0.0022788535464820297
337.5 82.5 0.002379774406094423
337.5 87.5 0.002486298327466431
337.5 92.5 0.00255939803510435
337.5 97.5 0.002729876182107111
337.5 102.5 0.003001353126298888
337.5 107.5 0.0032290006720574575
337.5 112.5 0.0033645744084463405
337.5 117.5 0.0032764191379746218
337.5 122.5 0.0028632257633381605
337.5 127.5 0.002143738135516374
337.5 132.5 0.0013667374992482753
337.5 137.5 9.319267583266821E-4
337.5 142.5 7.863024688022539E-4
337.5 147.5 7.231407416208957E-4
337.5 152.5 6.028225340788854E-4
337.5 157.5 4.1506284605103517E-4
337.5 162.5 2.1682595133013747E-4
337.5 167.5 1.3942507988262486E-4
337.5 172.5 7.532511545715958E-5
337.5 177.5 4.3722528482883804E-5
342.5 2.5 4.1887526414607475E-5
342.5 7.5 9.195604915927142E-5
342.5 12.5 1.587195613657032E-4
342.5 17.5 2.4289503135806588E-4
342.5 22.5 3.3097195068399675E-4
342.5 27.5 4.102708621222123E-4
342.5 32.5 4.651291875494598E-4
342.5 37.5 5.041884489763597E-4
342.5 42.5 5.531083558967241E-4
342.5 47.5 6.300342328884603E-4
342.5 52.5 7.361446942180492E-4
342.5 57.5 8.782645773908407E-4
342.5 62.5 0.0010708378786120321
342.5 67.5 0.0012702984063034145
342.5 72.5 0.0014470500504472148
342.5 77.5 0.0015648790816366583
342.5 82.5 0.0016234097234942423
342.5 87.5 0.001682477041484993
342.5 92.5 0.0017418110464146761
342.5 97.5 0.001795515835641679
342.5 102.5 0.0018586834720953147
342.5 107.5 0.0018905341916279142
342.5 112.5 0.0018331859060475087
342.5 117.5 0.0016839901517605854
342.5 122.5 0.0014089893154096516
342.5 127.5 0.0010215157921935874
342.5 132.5 6.555788276401061E-4
342.5 137.5 3.7703555918288767E-4
342.5 142.5 2.050620721835766E-4
342.5 147.5 1.0243474370611744E-4
342.5 152.5 4.466947101931465E-5
342.5 157.5 3.676871583979305E-5
342.5 162.5 2.6588548306825606E-5
342.5 167.5 7.85467959694863E-6
342.5 172.5 0.0
342.5 177.5 9.242886282857626E-6
347.5 2.5 1.5991694777733924E-5
347.5 7.5 4.829901215696049E-5
347.5 12.5 9.04334889374191E-5
347.5 17.5 1.343969397707627E-4
347.5 22.5 1.7485088338501495E-4
347.5 27.5 2.2465427925370408E-4
347.5 32.5 2.741387359322984E-4
347.5 37.5 3.124652201075174E-4
347.5 42.5 3.4978214220218685E-4
347.5 47.5 3.8523567027446526E-4
347.5 52.5 4.3783746586166544E-4
347.5 57.5 5.243092805688916E-4
347.5 62.5 6.379203828614414E-4
347.5 67.5 7.709825904337953E-4
347.5 72.5 8.98657174357855E-4
347.5 77.5 9.990281101732903E-4
347.5 82.5 0.0010622394954043005
347.5 87.5 0.0011007116091506614
347.5 92.5 0.0011551891300057486
347.5 97.5 0.0011940184804666515
347.5 102.5 0.0011802515398226102
347.5 107.5 0.0011307711874805394
347.5 112.5 0.0010616563442643172
347.5 117.5 9.533709890132582E-4
347.5 122.5 7.805712441680683E-4
347.5 127.5 5.877635916461376E-4
347.5 132.5 4.043922152425778E-4
347.5 137.5 2.4073746082218484E-4
347.5 142.5 1.1527867462612977E-4
347.5 147.5 3.151113534147609E-5
347.5 152.5 3.6284676031089666E-7
347.5 157.5 0.0
347.5 162.5 0.0
347.5 167.5 0.0
347.5 172.5 0.0
347.5 177.5 5.719862374320004E-7
352.5 2.5 2.68748919368659E-6
352.5 7.5 1.7687311009389122E-5
352.5 12.5 4.166387998779237E-5
352.5 17.5 7.363917853592486E-5
352.5 22.5 1.131472839639255E-4
352.5 27.5 1.5122053802764257E-4
352.5 32.5 1.8889905795682472E-4
352.5 37.5 2.1719467369309635E-4
352.5 42.5 2.3516012560874876E-4
352.5 47.5 2.5190220507242684E-4
352.5 52.5 2.637410419144413E-4
352.5 57.5 2.855450704395474E-4
352.5 62.5 3.4273001366746497E-4
352.5 67.5 4.2052673921829064E-4
352.5 72.5 4.99424072417419E-4
352.5 77.5 5.821779254374148E-4
352.5 82.5 6.629819229602126E-4
352.5 87.5 7.268776604999668E-4
352.5 92.5 7.745790789116886E-4
352.5 97.5 8.00807414387301E-4
352.5 102.5 8.029920675841218E-4
352.5 107.5 7.836084387466509E-4
352.5 112.5 7.475080619918165E-4
352.5 117.5 6.662997491874601E-4
352.5 122.5 5.414659892319782E-4
352.5 127.5 3.923931937019668E-4
352.5 132.5 2.4479972524616144E-4
352.5 137.5 1.2633400932998543E-4
352.5 142.5 4.671003993855597E-5
352.5 147.5 3.925646691839766E-6
352.5 152.5 0.0
352.5 157.5 0.0
352.5 162.5 0.0
352.5 167.5 0.0
352.5 172.5 0.0
352.5 177.5 5.8907057984341085E-8
357.5 2.5 3.149957434854375E-5
357.5 7.5 3.64891019851587E-5
357.5 12.5 4.888451615479636E-5
357.5 17.5 7.492934988749627E-5
357.5 22.5 1.0691665336537049E-4
357.5 27.5 1.3897276230667266E-4
357.5 32.5 1.6814590534703375E-4
357.5 37.5 1.899694706640722E-4
357.5 42.5 1.9718034383072258E-4
357.5 47.5 1.9391510432690352E-4
357.5 52.5 1.8833298507149796E-4
357.5 57.5 1.8107947370709902E-4
357.5 62.5 1.8796359748131844E-4
357.5 67.5 2.128277006288321E-4
357.5 72.5 2.573641786573468E-4
357.5 77.5 3.2347778343548285E-4
357.5 82.5 4.022074416143019E-4
357.5 87.5 4.778314993506402E-4
357.5 92.5 5.31087208816039E-4
357.5 97.5 5.670165885556074E-4
357.5 102.5 5.919848737888597E-4
357.5 107.5 5.991194262360736E-4
357.5 112.5 5.644331409881733E-4
357.5 117.5 4.863574707163956E-4
357.5 122.5 3.753719082036017E-4
357.5 127.5 2.4803092906531816E-4
357.5 132.5 1.286839504605552E-4
357.5 137.5 4.549217161935099E-5
357.5 142.5 5.964684682291419E-6
357.5 147.5 0.0
357.5 152.5 0.0
357.5 157.5 0.0
357.5 162.5 0.0
357.5 167.5 9.525202458480527E-7
357.5 172.5 9.276326715431797E-6
357.5 177.5 2.126898300667184E-5
