# Table name/description: "Top500 Pro B<40"
# Number of dimensions: 1
# For each dimension, 1 to 1: lower_bound  upper_bound  number_of_bins  wrapping
#   x1: 0.0 360.0 360 true
# List of table coordinates and values. (Value is last number on each line.)
0.5 14.717499308234654
1.5 13.736787856313377
2.5 12.824315256408312
3.5 12.397790392276631
4.5 12.617935454157877
5.5 14.08526565415229
6.5 15.642357688098157
7.5 16.59954365356925
8.5 17.340757231588412
9.5 19.128407051888175
10.5 22.482163054382127
11.5 24.082545363181005
12.5 23.74205900336015
13.5 24.128072014801138
14.5 25.54026090175326
15.5 28.399650390929043
16.5 37.281890029561275
17.5 44.12250892887426
18.5 42.06672817953759
19.5 47.638606657074064
20.5 62.43502164084003
21.5 69.32080812185757
22.5 72.99568267796309
23.5 73.87071273648156
24.5 85.02385362105926
25.5 100.15785684734567
26.5 103.54242518194405
27.5 109.11498492820745
28.5 127.5187740693682
29.5 127.31648201150367
30.5 145.62893738080618
31.5 134.39808534529988
32.5 145.09960909976425
33.5 124.87437778643111
34.5 106.5686377195468
35.5 86.96486408156782
36.5 76.40216878505412
37.5 64.2663766871619
38.5 46.51972057461677
39.5 32.64008547011989
40.5 23.318272597047653
41.5 15.687763931120022
42.5 8.713802434439353
43.5 5.2869585343291785
44.5 3.3614277038720157
45.5 1.9672181591563977
46.5 1.0902024669386456
47.5 0.5920454303983536
48.5 0.371694902483033
49.5 0.2742429810435253
50.5 0.2400947537717941
51.5 0.2225210611911985
52.5 0.19830850341059178
53.5 0.16937095606094393
54.5 0.13796454742290995
55.5 0.10648652812372801
56.5 0.0772808969338058
57.5 0.0524525612361346
58.5 0.03370559555037777
59.5 0.019960172312981424
60.5 0.00952261386876126
61.5 0.00299033800782749
62.5 4.20170698632882E-4
63.5 0.0
64.5 0.0
65.5 0.0
66.5 0.0
67.5 0.0
68.5 0.0
69.5 0.0
70.5 0.0
71.5 0.0
72.5 0.0
73.5 0.0
74.5 0.0
75.5 0.0
76.5 0.0
77.5 0.0
78.5 0.0
79.5 0.0
80.5 0.0
81.5 0.0
82.5 0.0
83.5 0.0
84.5 0.0
85.5 0.0
86.5 0.0
87.5 0.0
88.5 0.0
89.5 0.0
90.5 0.0
91.5 0.0
92.5 0.0
93.5 0.0
94.5 0.0
95.5 0.0
96.5 0.0
97.5 0.0
98.5 0.0
99.5 0.0
100.5 0.0
101.5 0.0
102.5 0.0
103.5 0.0
104.5 0.0
105.5 0.0
106.5 0.0
107.5 0.0
108.5 0.0
109.5 0.0
110.5 0.0
111.5 0.0
112.5 0.0
113.5 0.0
114.5 0.0
115.5 0.0
116.5 0.0
117.5 0.0
118.5 0.0
119.5 0.0
120.5 0.0
121.5 0.0
122.5 0.0
123.5 0.0
124.5 0.0
125.5 0.0
126.5 0.0
127.5 0.0
128.5 0.0
129.5 0.0
130.5 0.0
131.5 0.0
132.5 0.0
133.5 0.0
134.5 0.0
135.5 0.0
136.5 0.0
137.5 0.0
138.5 0.0
139.5 0.0
140.5 0.0
141.5 0.0
142.5 0.0
143.5 0.0
144.5 0.0
145.5 0.0
146.5 0.0
147.5 0.0
148.5 0.0
149.5 0.0
150.5 0.0
151.5 0.0
152.5 0.0
153.5 0.0
154.5 0.0
155.5 0.0
156.5 0.0
157.5 0.0
158.5 0.0
159.5 0.0
160.5 0.0
161.5 0.0
162.5 0.0
163.5 0.0
164.5 0.0
165.5 0.0
166.5 0.0
167.5 0.0
168.5 0.0
169.5 0.0
170.5 0.0
171.5 0.0
172.5 0.0
173.5 0.0
174.5 0.0
175.5 0.0
176.5 0.0
177.5 0.0
178.5 0.0
179.5 0.0
180.5 0.0
181.5 0.0
182.5 0.0
183.5 0.0
184.5 0.0
185.5 0.0
186.5 0.0
187.5 0.0
188.5 0.0
189.5 0.0
190.5 0.0
191.5 0.0
192.5 0.0
193.5 0.0
194.5 0.0
195.5 0.0
196.5 0.0
197.5 0.0
198.5 0.0
199.5 0.0
200.5 0.0
201.5 0.0
202.5 0.0
203.5 0.0
204.5 0.0
205.5 0.0
206.5 0.0
207.5 0.0
208.5 0.0
209.5 0.0
210.5 0.0
211.5 0.0
212.5 0.0
213.5 0.0
214.5 0.0
215.5 0.0
216.5 0.0
217.5 0.0
218.5 0.0
219.5 0.0
220.5 0.0
221.5 0.0
222.5 0.0
223.5 0.0
224.5 0.0
225.5 0.0
226.5 0.0
227.5 0.0
228.5 0.0
229.5 0.0
230.5 0.0
231.5 0.0
232.5 0.0
233.5 0.0
234.5 0.0
235.5 0.0
236.5 0.0
237.5 0.0
238.5 0.0
239.5 0.0
240.5 0.0
241.5 0.0
242.5 0.0
243.5 0.0
244.5 0.0
245.5 0.0
246.5 0.0
247.5 0.0
248.5 0.0
249.5 0.0
250.5 0.0
251.5 0.0
252.5 0.0
253.5 0.0
254.5 0.0
255.5 0.0
256.5 0.0
257.5 0.0
258.5 0.0
259.5 0.0
260.5 0.0
261.5 0.0
262.5 0.0
263.5 0.0
264.5 0.0
265.5 0.0
266.5 0.0
267.5 0.0
268.5 0.0
269.5 0.0
270.5 0.0
271.5 0.0
272.5 0.0
273.5 0.0
274.5 0.0
275.5 0.0
276.5 0.0
277.5 0.0
278.5 0.0
279.5 0.0
280.5 0.0
281.5 0.0
282.5 0.0
283.5 0.0
284.5 0.0
285.5 0.0
286.5 0.0
287.5 0.0
288.5 0.0
289.5 0.0
290.5 0.0
291.5 0.0
292.5 0.0
293.5 0.0
294.5 0.0
295.5 2.0871120293933397E-4
296.5 0.0011916923652511644
297.5 0.002952694273652502
298.5 0.0054395250265179785
299.5 0.008578480884292698
300.5 0.012276530672760575
301.5 0.01642407300543553
302.5 0.02094006576928329
303.5 0.027436113115034723
304.5 0.03657755502069188
305.5 0.0479323632252927
306.5 0.06091912077326589
307.5 0.07484044178553334
308.5 0.08892429700131525
309.5 0.10237065481764857
310.5 0.11440048487906228
311.5 0.12430399993722317
312.5 0.13148504348467177
313.5 0.13838132135983547
314.5 0.17321996008570237
315.5 0.24686376835455642
316.5 0.38804551286292654
317.5 0.7682727186743447
318.5 1.6810769681459417
319.5 4.187036135389333
320.5 8.215466971850935
321.5 12.778630747606217
322.5 21.09450883774917
323.5 34.770548887319244
324.5 52.19683740806871
325.5 71.25867558152385
326.5 93.20560305938541
327.5 116.98462787438258
328.5 131.257515471884
329.5 147.87823397732708
330.5 131.81597933858296
331.5 137.6462284395503
332.5 126.85866536456375
333.5 129.95329515406388
334.5 98.82396518995486
335.5 96.8510631690941
336.5 97.68216780346692
337.5 85.22801445807758
338.5 69.79872684378996
339.5 69.7628133794829
340.5 75.4483163985038
341.5 64.09491492579215
342.5 54.23973847846587
343.5 52.43934667486653
344.5 47.17274084790443
345.5 41.323541397934406
346.5 40.54162087754759
347.5 35.92775866964846
348.5 29.398831270705376
349.5 25.320173842324547
350.5 22.041985278117444
351.5 19.996216018088468
352.5 17.37155139257835
353.5 15.097090169435116
354.5 14.896239679894478
355.5 16.08133561216592
356.5 17.209458075414222
357.5 17.46845889367136
358.5 16.646885358361608
359.5 15.592813272244946
