# Table name/description: "Top500 Tyr and Phe B<40"
# Number of dimensions: 2
# For each dimension, 1 to 2: lower_bound  upper_bound  number_of_bins  wrapping
#   x1: 0.0 360.0 72 true
#   x2: 0.0 180.0 36 true
# List of table coordinates and values. (Value is last number on each line.)
2.5 2.5 0.0
2.5 7.5 0.0
2.5 12.5 0.0
2.5 17.5 7.056356818660017E-8
2.5 22.5 1.3783248162372564E-5
2.5 27.5 4.77955760275028E-5
2.5 32.5 9.920547421422141E-5
2.5 37.5 1.6598378421529887E-4
2.5 42.5 2.4337789463443297E-4
2.5 47.5 3.265606502519576E-4
2.5 52.5 4.1180087577063064E-4
2.5 57.5 5.027165230945433E-4
2.5 62.5 5.923365331694142E-4
2.5 67.5 6.81406497992345E-4
2.5 72.5 7.58762552250359E-4
2.5 77.5 8.001437508446096E-4
2.5 82.5 8.17651002920866E-4
2.5 87.5 8.2915707543967E-4
2.5 92.5 8.182131414988721E-4
2.5 97.5 7.676835470143339E-4
2.5 102.5 6.849252197444014E-4
2.5 107.5 5.863425138486514E-4
2.5 112.5 4.790981597927034E-4
2.5 117.5 3.8900933333626734E-4
2.5 122.5 3.081376025011976E-4
2.5 127.5 2.4080060802203414E-4
2.5 132.5 1.6906880229022018E-4
2.5 137.5 9.894197404394672E-5
2.5 142.5 4.494913427741334E-5
2.5 147.5 1.5128371885719137E-5
2.5 152.5 1.2132045243901883E-6
2.5 157.5 1.459722790318363E-6
2.5 162.5 1.8189962764375496E-6
2.5 167.5 1.062491294687117E-6
2.5 172.5 7.07090299804618E-8
2.5 177.5 0.0
7.5 2.5 0.0
7.5 7.5 0.0
7.5 12.5 0.0
7.5 17.5 7.121647033932175E-6
7.5 22.5 4.625701389522742E-5
7.5 27.5 1.108707364126202E-4
7.5 32.5 1.9356271742663396E-4
7.5 37.5 2.9842246123940253E-4
7.5 42.5 4.3725141666494174E-4
7.5 47.5 6.049870114551711E-4
7.5 52.5 7.685287319250095E-4
7.5 57.5 9.297463022208237E-4
7.5 62.5 0.0011096994650942325
7.5 67.5 0.0012988981795576035
7.5 72.5 0.0014355498715512096
7.5 77.5 0.0014915928915907913
7.5 82.5 0.0014952870055104789
7.5 87.5 0.0014695599272261516
7.5 92.5 0.0014112783209350923
7.5 97.5 0.0012755328350537148
7.5 102.5 0.001086761063259786
7.5 107.5 8.721419816999372E-4
7.5 112.5 6.772662465251546E-4
7.5 117.5 5.023822820347787E-4
7.5 122.5 3.710288653106759E-4
7.5 127.5 2.7419702004373984E-4
7.5 132.5 1.9682267469136753E-4
7.5 137.5 1.3402277893682517E-4
7.5 142.5 8.17905362860474E-5
7.5 147.5 3.820221907243632E-5
7.5 152.5 9.23078000825115E-6
7.5 157.5 0.0
7.5 162.5 0.0
7.5 167.5 0.0
7.5 172.5 0.0
7.5 177.5 0.0
12.5 2.5 0.0
12.5 7.5 0.0
12.5 12.5 1.7329500132438087E-6
12.5 17.5 3.429375298567976E-5
12.5 22.5 1.045890396655962E-4
12.5 27.5 2.0290516286073572E-4
12.5 32.5 3.3963678937758786E-4
12.5 37.5 5.232872285375162E-4
12.5 42.5 7.662963413495018E-4
12.5 47.5 0.0010255952257975838
12.5 52.5 0.0013193568594465532
12.5 57.5 0.0016708845344210117
12.5 62.5 0.002096645371684085
12.5 67.5 0.002462231961931264
12.5 72.5 0.0026711136542547347
12.5 77.5 0.00271020625112547
12.5 82.5 0.0026466754760079655
12.5 87.5 0.00252757807300448
12.5 92.5 0.002394648096284977
12.5 97.5 0.0021988388916537936
12.5 102.5 0.001904466513914173
12.5 107.5 0.0015365792175818693
12.5 112.5 0.0011687321905607692
12.5 117.5 8.498037794937301E-4
12.5 122.5 5.946872727449556E-4
12.5 127.5 4.025219746645135E-4
12.5 132.5 2.736527723825255E-4
12.5 137.5 1.8776588708222875E-4
12.5 142.5 1.2257088824818742E-4
12.5 147.5 6.541042625494022E-5
12.5 152.5 2.3124260028754457E-5
12.5 157.5 1.774257570450438E-6
12.5 162.5 0.0
12.5 167.5 0.0
12.5 172.5 0.0
12.5 177.5 0.0
17.5 2.5 8.43592498561426E-6
17.5 7.5 6.615379640898497E-6
17.5 12.5 2.0891784044321323E-5
17.5 17.5 7.93558393910864E-5
17.5 22.5 1.7694627140265066E-4
17.5 27.5 3.2038492643505215E-4
17.5 32.5 5.206425991697807E-4
17.5 37.5 8.006390437204726E-4
17.5 42.5 0.0011464239919005252
17.5 47.5 0.0015666420117360338
17.5 52.5 0.0021323535230600137
17.5 57.5 0.002906869648828531
17.5 62.5 0.003697393488461014
17.5 67.5 0.004280103745632512
17.5 72.5 0.004565518159101462
17.5 77.5 0.0045945587966324565
17.5 82.5 0.004393887931885831
17.5 87.5 0.004056857720954064
17.5 92.5 0.0037251401943113284
17.5 97.5 0.0034004978444926877
17.5 102.5 0.0029976915858436425
17.5 107.5 0.0024876539078000593
17.5 112.5 0.001921958880419154
17.5 117.5 0.001416276751965494
17.5 122.5 9.822349044871443E-4
17.5 127.5 6.507960072337742E-4
17.5 132.5 4.156365627607555E-4
17.5 137.5 2.580838679324697E-4
17.5 142.5 1.6101827915434197E-4
17.5 147.5 9.120224996584456E-5
17.5 152.5 3.804620123758812E-5
17.5 157.5 7.0238398297724E-6
17.5 162.5 3.237819858638906E-6
17.5 167.5 6.7844371202562755E-6
17.5 172.5 9.019655030681817E-6
17.5 177.5 9.355967303855632E-6
22.5 2.5 6.376583473365607E-5
22.5 7.5 6.658961061641383E-5
22.5 12.5 8.874359334876426E-5
22.5 17.5 1.553529595397852E-4
22.5 22.5 2.6680208831638736E-4
22.5 27.5 4.443326527954419E-4
22.5 32.5 7.065930650632893E-4
22.5 37.5 0.001082269207662476
22.5 42.5 0.0015744081400119523
22.5 47.5 0.0022778639860475103
22.5 52.5 0.0033051737993600922
22.5 57.5 0.004536544628494681
22.5 62.5 0.005702617751928715
22.5 67.5 0.006738782884866438
22.5 72.5 0.0075621535873629225
22.5 77.5 0.007906592429737095
22.5 82.5 0.00755341760778007
22.5 87.5 0.006751047938527096
22.5 92.5 0.005906039210129209
22.5 97.5 0.005149536685794287
22.5 102.5 0.0044582698967837895
22.5 107.5 0.003751528930950581
22.5 112.5 0.0029061411895437827
22.5 117.5 0.0021413998161549748
22.5 122.5 0.0014886173308668721
22.5 127.5 9.863509701024424E-4
22.5 132.5 6.263926394998638E-4
22.5 137.5 3.594249116678561E-4
22.5 142.5 2.0547752436766544E-4
22.5 147.5 1.1098435822203203E-4
22.5 152.5 5.525066133153156E-5
22.5 157.5 2.7284195465246834E-5
22.5 162.5 2.759790396247361E-5
22.5 167.5 3.986101529312563E-5
22.5 172.5 5.3068593155259584E-5
22.5 177.5 6.216905305648564E-5
27.5 2.5 1.6843948919975624E-4
27.5 7.5 1.7946482554985805E-4
27.5 12.5 2.0514007720373226E-4
27.5 17.5 2.7042646377268306E-4
27.5 22.5 3.81816299871109E-4
27.5 27.5 5.768450128018598E-4
27.5 32.5 8.958235226459536E-4
27.5 37.5 0.0013485148776062846
27.5 42.5 0.002064281797961096
27.5 47.5 0.0031583145489298393
27.5 52.5 0.004647402461124243
27.5 57.5 0.00630467604917591
27.5 62.5 0.00813676454014957
27.5 67.5 0.01039143102629564
27.5 72.5 0.012680329950952987
27.5 77.5 0.014151468873226257
27.5 82.5 0.014423743367903264
27.5 87.5 0.013143090087143906
27.5 92.5 0.01135612160851743
27.5 97.5 0.009530368985953531
27.5 102.5 0.007574711426221853
27.5 107.5 0.00578463689871264
27.5 112.5 0.004307845416046067
27.5 117.5 0.003031984198420736
27.5 122.5 0.0020774533682383807
27.5 127.5 0.0013548277767205501
27.5 132.5 8.798759167860099E-4
27.5 137.5 5.118878918692322E-4
27.5 142.5 2.714537551044208E-4
27.5 147.5 1.3995197775178535E-4
27.5 152.5 8.46092746972608E-5
27.5 157.5 6.537471934475221E-5
27.5 162.5 7.982917042660119E-5
27.5 167.5 1.1311459816695725E-4
27.5 172.5 1.4268948633757513E-4
27.5 177.5 1.6187024010668214E-4
32.5 2.5 3.1170949227027356E-4
32.5 7.5 3.2874417930988655E-4
32.5 12.5 3.5233419635575115E-4
32.5 17.5 4.077456067141805E-4
32.5 22.5 5.130095440066257E-4
32.5 27.5 7.222971692456386E-4
32.5 32.5 0.001066206103805542
32.5 37.5 0.0016273173975825076
32.5 42.5 0.002629951400106908
32.5 47.5 0.004107252158668786
32.5 52.5 0.005958216660246127
32.5 57.5 0.008207901408242022
32.5 62.5 0.011626829914048464
32.5 67.5 0.016766847429748592
32.5 72.5 0.02346298975218529
32.5 77.5 0.029509470573140528
32.5 82.5 0.031893047399777344
32.5 87.5 0.030549227132010467
32.5 92.5 0.027191468039388638
32.5 97.5 0.022130929851831984
32.5 102.5 0.01633400934301051
32.5 107.5 0.010720443876183998
32.5 112.5 0.006909668481972076
32.5 117.5 0.004350379375476798
32.5 122.5 0.0027907979034284556
32.5 127.5 0.001786368568995962
32.5 132.5 0.0011535853694879647
32.5 137.5 6.993059240795611E-4
32.5 142.5 3.8802334524198006E-4
32.5 147.5 2.1454973282763662E-4
32.5 152.5 1.287912241161249E-4
32.5 157.5 1.2371379139992204E-4
32.5 162.5 1.6442291662494427E-4
32.5 167.5 2.2010565075844453E-4
32.5 172.5 2.668476435848475E-4
32.5 177.5 2.9660983228549105E-4
37.5 2.5 4.766019849654708E-4
37.5 7.5 4.944324765988317E-4
37.5 12.5 5.111270899154684E-4
37.5 17.5 5.497106683110878E-4
37.5 22.5 6.51381310204528E-4
37.5 27.5 8.590612488235649E-4
37.5 32.5 0.0012271070071922495
37.5 37.5 0.001936175202708786
37.5 42.5 0.003177687972586023
37.5 47.5 0.004933875463014778
37.5 52.5 0.007159312942279366
37.5 57.5 0.010608845032025822
37.5 62.5 0.01726537568038599
37.5 67.5 0.03060019551222912
37.5 72.5 0.05070716964458603
37.5 77.5 0.06976373386061936
37.5 82.5 0.08065948178371034
37.5 87.5 0.08192164729960735
37.5 92.5 0.07061050840315629
37.5 97.5 0.052144210897844843
37.5 102.5 0.03450318925956677
37.5 107.5 0.020619549944866717
37.5 112.5 0.011413816936257856
37.5 117.5 0.0063809414030535
37.5 122.5 0.003677364499166176
37.5 127.5 0.002233511094550716
37.5 132.5 0.001451161256633399
37.5 137.5 8.981430613884505E-4
37.5 142.5 5.35694594965219E-4
37.5 147.5 3.286232667923146E-4
37.5 152.5 2.157495690849516E-4
37.5 157.5 2.185289703638371E-4
37.5 162.5 2.7942150061317664E-4
37.5 167.5 3.582318098185765E-4
37.5 172.5 4.207312661586334E-4
37.5 177.5 4.572439813551061E-4
42.5 2.5 6.620942528270576E-4
42.5 7.5 6.679429214785107E-4
42.5 12.5 6.65484491960253E-4
42.5 17.5 6.86331199878461E-4
42.5 22.5 7.75604522043616E-4
42.5 27.5 9.824579999791372E-4
42.5 32.5 0.0013915293967288749
42.5 37.5 0.00219730051207877
42.5 42.5 0.0035958858746923533
42.5 47.5 0.005583926406461783
42.5 52.5 0.008253556032737013
42.5 57.5 0.013967983714395553
42.5 62.5 0.0276739364202949
42.5 67.5 0.057276821189706215
42.5 72.5 0.10082485689965633
42.5 77.5 0.1493992447082027
42.5 82.5 0.19067597400666608
42.5 87.5 0.19911183823191325
42.5 92.5 0.16671824947454028
42.5 97.5 0.11550631547254979
42.5 102.5 0.06756990092805447
42.5 107.5 0.036653849919805005
42.5 112.5 0.018326329570250915
42.5 117.5 0.009123036658186484
42.5 122.5 0.004810725480375438
42.5 127.5 0.002666484272893234
42.5 132.5 0.0017172279347893965
42.5 137.5 0.0011033368261353968
42.5 142.5 6.850060692931023E-4
42.5 147.5 4.6517760584018807E-4
42.5 152.5 3.5401781083420483E-4
42.5 157.5 3.634133875641216E-4
42.5 162.5 4.405630387655342E-4
42.5 167.5 5.289607651187262E-4
42.5 172.5 6.05177006547341E-4
42.5 177.5 6.45718739043464E-4
47.5 2.5 8.497396841358447E-4
47.5 7.5 8.390653881439308E-4
47.5 12.5 8.125655642086115E-4
47.5 17.5 8.040329015088223E-4
47.5 22.5 8.790282763811785E-4
47.5 27.5 0.001082340295695034
47.5 32.5 0.0015192344205899823
47.5 37.5 0.00236897321057097
47.5 42.5 0.0038537625837664026
47.5 47.5 0.006087191765616849
47.5 52.5 0.009792862961024433
47.5 57.5 0.019043914213082144
47.5 62.5 0.04140579602095141
47.5 67.5 0.08794628921546374
47.5 72.5 0.16574055151306918
47.5 77.5 0.27375118175404517
47.5 82.5 0.3907683833033447
47.5 87.5 0.44056927498152304
47.5 92.5 0.37997522013081436
47.5 97.5 0.2581422941134938
47.5 102.5 0.14410197527419835
47.5 107.5 0.06820473242796067
47.5 112.5 0.028476195865770645
47.5 117.5 0.012224257517578817
47.5 122.5 0.006140977076907567
47.5 127.5 0.003316476224578571
47.5 132.5 0.0019849455510763643
47.5 137.5 0.001308329990407636
47.5 142.5 8.5037374770841E-4
47.5 147.5 6.156949725884331E-4
47.5 152.5 5.199629820022862E-4
47.5 157.5 5.408174581882653E-4
47.5 162.5 6.279988073458625E-4
47.5 167.5 7.184460923118156E-4
47.5 172.5 7.985824567595473E-4
47.5 177.5 8.411287289709456E-4
52.5 2.5 0.0010169230080473877
52.5 7.5 9.862596662389906E-4
52.5 12.5 9.337064990245704E-4
52.5 17.5 8.993315801322954E-4
52.5 22.5 9.506461559481088E-4
52.5 27.5 0.0011336858007813422
52.5 32.5 0.0015786677479987109
52.5 37.5 0.0024323494724368465
52.5 42.5 0.004028364223613822
52.5 47.5 0.006750961609252432
52.5 52.5 0.01165605050208839
52.5 57.5 0.023795354724315935
52.5 62.5 0.05206208336736634
52.5 67.5 0.11219164713654392
52.5 72.5 0.23011393862549365
52.5 77.5 0.42516080377569454
52.5 82.5 0.673554426442929
52.5 87.5 0.8356353763836653
52.5 92.5 0.771250402542766
52.5 97.5 0.5380035286998978
52.5 102.5 0.3014865865394624
52.5 107.5 0.13893405425990143
52.5 112.5 0.05207421111061685
52.5 117.5 0.017466991885450388
52.5 122.5 0.008172707251413109
52.5 127.5 0.00435897959572853
52.5 132.5 0.002479682259052376
52.5 137.5 0.001635633826980059
52.5 142.5 0.001099598518017071
52.5 147.5 7.912389505149232E-4
52.5 152.5 6.902045604369858E-4
52.5 157.5 7.234023405856475E-4
52.5 162.5 8.140166436411933E-4
52.5 167.5 9.038828598204247E-4
52.5 172.5 9.784650608667732E-4
52.5 177.5 0.001020287686936127
57.5 2.5 0.0011443918271139585
57.5 7.5 0.0010917212346846475
57.5 12.5 0.001012422541722316
57.5 17.5 9.546729859700861E-4
57.5 22.5 9.80003372392552E-4
57.5 27.5 0.0011368192627467734
57.5 32.5 0.0015607248967989752
57.5 37.5 0.0024028983759583444
57.5 42.5 0.00418487853332134
57.5 47.5 0.007448629864930876
57.5 52.5 0.013090322518166293
57.5 57.5 0.026341024696175424
57.5 62.5 0.05615260985537293
57.5 67.5 0.12209228653738532
57.5 72.5 0.2619609797945769
57.5 77.5 0.5190958366560726
57.5 82.5 0.9034764923795038
57.5 87.5 1.231851752509386
57.5 92.5 1.2123612057282898
57.5 97.5 0.8714062540087498
57.5 102.5 0.49590680851612723
57.5 107.5 0.2330512808252808
57.5 112.5 0.087987895195154
57.5 117.5 0.028711827789302126
57.5 122.5 0.011691211483181987
57.5 127.5 0.006149380675453568
57.5 132.5 0.0032158156556029117
57.5 137.5 0.0021050122995740096
57.5 142.5 0.0014359261490568364
57.5 147.5 0.0010382094040838053
57.5 152.5 8.745607839720115E-4
57.5 157.5 8.837812955715608E-4
57.5 162.5 9.72037052198087E-4
57.5 167.5 0.0010590482469251125
57.5 172.5 0.0011259536486544009
57.5 177.5 0.0011618637049094092
62.5 2.5 0.0012184635868194647
62.5 7.5 0.0011434651920909208
62.5 12.5 0.0010382107355016421
62.5 17.5 9.515635442707026E-4
62.5 22.5 9.599611781968394E-4
62.5 27.5 0.001091220952727139
62.5 32.5 0.0014513070964325976
62.5 37.5 0.002326279509548818
62.5 42.5 0.004246093675547936
62.5 47.5 0.007814098683117908
62.5 52.5 0.013663886587230608
62.5 57.5 0.02566342334151901
62.5 62.5 0.05326840201939448
62.5 67.5 0.11278124630949006
62.5 72.5 0.23933631962140292
62.5 77.5 0.49519765175174857
62.5 82.5 0.9361012921407961
62.5 87.5 1.370845333561358
62.5 92.5 1.4170394000467488
62.5 97.5 1.047423200012977
62.5 102.5 0.613011173224577
62.5 107.5 0.30377570856700437
62.5 112.5 0.12004451351948953
62.5 117.5 0.04412367063232611
62.5 122.5 0.018243733611433628
62.5 127.5 0.008752437199070302
62.5 132.5 0.004376410647192469
62.5 137.5 0.0026206022100341616
62.5 142.5 0.0018068993124871484
62.5 147.5 0.0013227068542267806
62.5 152.5 0.0010736222620439824
62.5 157.5 0.0010145476375762019
62.5 162.5 0.0010802187175320487
62.5 167.5 0.0011623704180911112
62.5 172.5 0.0012212922023209934
62.5 177.5 0.0012488936920844627
67.5 2.5 0.0012320421701062397
67.5 7.5 0.001136692005266555
67.5 12.5 0.0010093869999654283
67.5 17.5 8.904647493745324E-4
67.5 22.5 8.791967079950051E-4
67.5 27.5 9.840093456423176E-4
67.5 32.5 0.0012757842533047145
67.5 37.5 0.002136648575602443
67.5 42.5 0.0040507210211465855
67.5 47.5 0.007548579612125253
67.5 52.5 0.013064033570875223
67.5 57.5 0.022660136552349983
67.5 62.5 0.04370767111218822
67.5 67.5 0.0886397749144705
67.5 72.5 0.18383552078150883
67.5 77.5 0.39011328579154664
67.5 82.5 0.7629516107934684
67.5 87.5 1.1473445951930332
67.5 92.5 1.2295273817813035
67.5 97.5 0.9572130504208024
67.5 102.5 0.5970072952161705
67.5 107.5 0.3207349898134904
67.5 112.5 0.1416165520827874
67.5 117.5 0.05921746879012607
67.5 122.5 0.026534799430218123
67.5 127.5 0.01212768476085361
67.5 132.5 0.005819919458133101
67.5 137.5 0.0032262703109869595
67.5 142.5 0.0021451959058241534
67.5 147.5 0.0015721286315704918
67.5 152.5 0.0012405856400324736
67.5 157.5 0.0011027504923382038
67.5 162.5 0.0011308353577909598
67.5 167.5 0.0011996876839922503
67.5 172.5 0.0012511015915879094
67.5 177.5 0.00127079994269527
72.5 2.5 0.001180051290761989
72.5 7.5 0.001074278709932587
72.5 12.5 9.302279732687356E-4
72.5 17.5 7.857269130446904E-4
72.5 22.5 7.46810477681263E-4
72.5 27.5 8.243411690781276E-4
72.5 32.5 0.0010502691164404048
72.5 37.5 0.0018063145288577645
72.5 42.5 0.0035680054838609773
72.5 47.5 0.006615944785366769
72.5 52.5 0.011203387222758278
72.5 57.5 0.01847079980772505
72.5 62.5 0.031521383601693785
72.5 67.5 0.06002817360963272
72.5 72.5 0.12077498602519669
72.5 77.5 0.252386357628414
72.5 82.5 0.49060254553417415
72.5 87.5 0.7435454856527731
72.5 92.5 0.8197685862441201
72.5 97.5 0.6822188550131438
72.5 102.5 0.47469968368549603
72.5 107.5 0.28750378265200094
72.5 112.5 0.1438786843033633
72.5 117.5 0.06777316092064335
72.5 122.5 0.03251020027330273
72.5 127.5 0.01499306815420373
72.5 132.5 0.007075775312725131
72.5 137.5 0.0038272863233755642
72.5 142.5 0.0024175099656712313
72.5 147.5 0.0017225101272519041
72.5 152.5 0.0013243922526431297
72.5 157.5 0.0011284363951438619
72.5 162.5 0.001115292102521468
72.5 167.5 0.001166060896662303
72.5 172.5 0.0012110588878540822
72.5 177.5 0.0012246426343857227
77.5 2.5 0.0010668757610180612
77.5 7.5 9.615273937226007E-4
77.5 12.5 8.121656672084685E-4
77.5 17.5 6.566865636229612E-4
77.5 22.5 5.847062436136382E-4
77.5 27.5 6.310165604950159E-4
77.5 32.5 8.163711864474686E-4
77.5 37.5 0.0013939572479058126
77.5 42.5 0.0028497279124598007
77.5 47.5 0.005282620059779694
77.5 52.5 0.008622018533319066
77.5 57.5 0.013511230605415692
77.5 62.5 0.020643006785718204
77.5 67.5 0.0347325573260474
77.5 72.5 0.06745343661127456
77.5 77.5 0.1339912327376803
77.5 82.5 0.24738325136319267
77.5 87.5 0.3717674137807651
77.5 92.5 0.432296228317421
77.5 97.5 0.4039089457245297
77.5 102.5 0.324938496629519
77.5 107.5 0.21649186330111686
77.5 112.5 0.12238284623793161
77.5 117.5 0.06408438602688267
77.5 122.5 0.032217841881162425
77.5 127.5 0.015551175544935457
77.5 132.5 0.0075838945308648684
77.5 137.5 0.004147414258237211
77.5 142.5 0.0025529161924310855
77.5 147.5 0.0017509144131756845
77.5 152.5 0.0012973691630017849
77.5 157.5 0.0010710883523429723
77.5 162.5 0.0010304657917375908
77.5 167.5 0.001066412114725032
77.5 172.5 0.0011064786762888408
77.5 177.5 0.0011154974615099173
82.5 2.5 9.053505603083121E-4
82.5 7.5 8.048011291908138E-4
82.5 12.5 6.663488836004373E-4
82.5 17.5 5.19696996025669E-4
82.5 22.5 4.2407906706736485E-4
82.5 27.5 4.3607016118261114E-4
82.5 32.5 5.916983921861392E-4
82.5 37.5 0.0010293834630691263
82.5 42.5 0.0020846948563244586
82.5 47.5 0.00391039542380649
82.5 52.5 0.006218311509225809
82.5 57.5 0.009016246663963298
82.5 62.5 0.012793872162465794
82.5 67.5 0.018880188705334294
82.5 72.5 0.0326029708897554
82.5 77.5 0.05977643505673649
82.5 82.5 0.10472729606132376
82.5 87.5 0.15431603690232762
82.5 92.5 0.18895551713957268
82.5 97.5 0.20204529339813845
82.5 102.5 0.18321561574257633
82.5 107.5 0.136372537430175
82.5 112.5 0.08656631650590403
82.5 117.5 0.04881231972857984
82.5 122.5 0.02574273470447365
82.5 127.5 0.013586964471930729
82.5 132.5 0.007133840100145394
82.5 137.5 0.004044039916370851
82.5 142.5 0.0024638644364073873
82.5 147.5 0.0016354885615425185
82.5 152.5 0.0011592701650334452
82.5 157.5 9.303825326410075E-4
82.5 162.5 8.8593009534164E-4
82.5 167.5 9.149079556033853E-4
82.5 172.5 9.51668068286578E-4
82.5 177.5 9.559022651928409E-4
87.5 2.5 7.141947058915298E-4
87.5 7.5 6.22389974696185E-4
87.5 12.5 5.005104431495829E-4
87.5 17.5 3.7536447046344E-4
87.5 22.5 2.896829340444723E-4
87.5 27.5 2.7829388604910614E-4
87.5 32.5 3.976837236806658E-4
87.5 37.5 7.29194034866764E-4
87.5 42.5 0.001482319426549759
87.5 47.5 0.0027276722527390437
87.5 52.5 0.004340874373287375
87.5 57.5 0.0059641541362852254
87.5 62.5 0.007712339836692147
87.5 67.5 0.010338124467081504
87.5 72.5 0.015478437217211528
87.5 77.5 0.025726394632111262
87.5 82.5 0.04281686909241064
87.5 87.5 0.062420698248521464
87.5 92.5 0.07906849751497846
87.5 97.5 0.0902816401430451
87.5 102.5 0.08916147492951176
87.5 107.5 0.07328771615343804
87.5 112.5 0.04949999282865832
87.5 117.5 0.029951620430571334
87.5 122.5 0.017506661775233336
87.5 127.5 0.010341255902543565
87.5 132.5 0.005957363990900738
87.5 137.5 0.003487180253570023
87.5 142.5 0.0021441874440548247
87.5 147.5 0.0013738197730719876
87.5 152.5 9.265672200525977E-4
87.5 157.5 7.326959584568428E-4
87.5 162.5 7.031383401399599E-4
87.5 167.5 7.331617750176899E-4
87.5 172.5 7.675166128025606E-4
87.5 177.5 7.644327266069027E-4
92.5 2.5 5.158646291857156E-4
92.5 7.5 4.3615911694323313E-4
92.5 12.5 3.3508757434866517E-4
92.5 17.5 2.333926635710022E-4
92.5 22.5 1.7262284729256897E-4
92.5 27.5 1.6846319367499365E-4
92.5 32.5 2.6164293574129275E-4
92.5 37.5 5.067437632588097E-4
92.5 42.5 0.0010252617056435288
92.5 47.5 0.001888927116945213
92.5 52.5 0.0029446973811443193
92.5 57.5 0.003995117932809929
92.5 62.5 0.004901062235870712
92.5 67.5 0.006103681712137949
92.5 72.5 0.00843485266006959
92.5 77.5 0.012908322122344482
92.5 82.5 0.020596734870652507
92.5 87.5 0.03099241949223705
92.5 92.5 0.039667890336538426
92.5 97.5 0.0440726170052184
92.5 102.5 0.042302759582266314
92.5 107.5 0.034348108760126186
92.5 112.5 0.02451228830723992
92.5 117.5 0.01644053137517273
92.5 122.5 0.010906507918302662
92.5 127.5 0.007070929570691495
92.5 132.5 0.0043588632667832606
92.5 137.5 0.002662909665011931
92.5 142.5 0.0016413419299206825
92.5 147.5 9.960864337895375E-4
92.5 152.5 6.471287815423422E-4
92.5 157.5 5.232173214056602E-4
92.5 162.5 5.126475308022127E-4
92.5 167.5 5.47475754350407E-4
92.5 172.5 5.738214627104098E-4
92.5 177.5 5.635684081572467E-4
97.5 2.5 3.339565371127005E-4
97.5 7.5 2.68882406815957E-4
97.5 12.5 1.914387179989734E-4
97.5 17.5 1.158173469587587E-4
97.5 22.5 7.882883862507283E-5
97.5 27.5 9.495563859925724E-5
97.5 32.5 1.6243807936293353E-4
97.5 37.5 3.489283668458534E-4
97.5 42.5 7.060662296073392E-4
97.5 47.5 0.0012792658337226564
97.5 52.5 0.0020050718727686774
97.5 57.5 0.0027155755573943985
97.5 62.5 0.003258785832140677
97.5 67.5 0.0038291476212097384
97.5 72.5 0.0048645089171950665
97.5 77.5 0.007155111586185514
97.5 82.5 0.01080625882594071
97.5 87.5 0.01555253285673323
97.5 92.5 0.019861379016870774
97.5 97.5 0.02158219101955772
97.5 102.5 0.019936720493766418
97.5 107.5 0.01601843784356837
97.5 112.5 0.011915809474413095
97.5 117.5 0.008511064342250069
97.5 122.5 0.006175162911939373
97.5 127.5 0.004272628769347097
97.5 132.5 0.0027671907547063704
97.5 137.5 0.001765228906070852
97.5 142.5 0.0010439593299673778
97.5 147.5 5.933403870536901E-4
97.5 152.5 3.8447735624867215E-4
97.5 157.5 3.4241634935538214E-4
97.5 162.5 3.4973010584538516E-4
97.5 167.5 3.818727178499532E-4
97.5 172.5 3.9312244348766785E-4
97.5 177.5 3.770934021890051E-4
102.5 2.5 1.9045694126562898E-4
102.5 7.5 1.4155982872307945E-4
102.5 12.5 8.897864485725524E-5
102.5 17.5 4.3255982656717E-5
102.5 22.5 2.1823005475636472E-5
102.5 27.5 4.684446212185451E-5
102.5 32.5 1.0196849938104808E-4
102.5 37.5 2.2288704579065185E-4
102.5 42.5 4.781926066241142E-4
102.5 47.5 8.473437390969236E-4
102.5 52.5 0.0013283648810652033
102.5 57.5 0.0018321274788665703
102.5 62.5 0.002233695289357806
102.5 67.5 0.002576033454516689
102.5 72.5 0.0029495963866044026
102.5 77.5 0.0037543439936985968
102.5 82.5 0.005282371285946797
102.5 87.5 0.007233409725951325
102.5 92.5 0.008740874707586306
102.5 97.5 0.009122606382938268
102.5 102.5 0.008191839378931186
102.5 107.5 0.006552579788000139
102.5 112.5 0.004890456486467056
102.5 117.5 0.003741732389541982
102.5 122.5 0.002921260918129487
102.5 127.5 0.0021612055681934166
102.5 132.5 0.0015006863819437908
102.5 137.5 9.270984053290244E-4
102.5 142.5 5.032714754182127E-4
102.5 147.5 2.743275418494035E-4
102.5 152.5 2.0537002299745753E-4
102.5 157.5 2.0494484966840227E-4
102.5 162.5 2.3340834540953208E-4
102.5 167.5 2.498963542676363E-4
102.5 172.5 2.474145665436758E-4
102.5 177.5 2.273308954545187E-4
107.5 2.5 1.0239851539391891E-4
107.5 7.5 6.923245610836628E-5
107.5 12.5 3.700148017936919E-5
107.5 17.5 1.2094016985185122E-5
107.5 22.5 1.1429845664394037E-6
107.5 27.5 1.8350966127572057E-5
107.5 32.5 5.423095772364128E-5
107.5 37.5 1.224851741380116E-4
107.5 42.5 2.852913482052067E-4
107.5 47.5 5.534665561680584E-4
107.5 52.5 8.779490738009576E-4
107.5 57.5 0.001211252886172048
107.5 62.5 0.001494748581733543
107.5 67.5 0.0016961326188054686
107.5 72.5 0.0018979441718695966
107.5 77.5 0.0021140995612074854
107.5 82.5 0.0024642425470789778
107.5 87.5 0.002906543890098114
107.5 92.5 0.003200896913841529
107.5 97.5 0.0030520497222269872
107.5 102.5 0.00249234298301462
107.5 107.5 0.0018262784451361612
107.5 112.5 0.0013985002821641633
107.5 117.5 0.001252013334654737
107.5 122.5 0.001114172404891842
107.5 127.5 9.060523522299391E-4
107.5 132.5 6.116851464493187E-4
107.5 137.5 3.291035439412968E-4
107.5 142.5 1.5925590579916538E-4
107.5 147.5 9.453233976448001E-5
107.5 152.5 9.723923621768824E-5
107.5 157.5 1.231026892589374E-4
107.5 162.5 1.4447015740675834E-4
107.5 167.5 1.534338666517725E-4
107.5 172.5 1.4848082028417074E-4
107.5 177.5 1.3044562515973353E-4
112.5 2.5 4.6431074451745465E-5
112.5 7.5 2.638031179444517E-5
112.5 12.5 9.31153402030778E-6
112.5 17.5 3.953163885915853E-7
112.5 22.5 0.0
112.5 27.5 1.8033269464979777E-6
112.5 32.5 1.774531098388766E-5
112.5 37.5 5.890590956303208E-5
112.5 42.5 1.431706410196358E-4
112.5 47.5 3.1454370849434005E-4
112.5 52.5 5.555216875081681E-4
112.5 57.5 8.080326579973672E-4
112.5 62.5 0.0010172510014652397
112.5 67.5 0.0011425602808151736
112.5 72.5 0.0012067122009225362
112.5 77.5 0.0012576236478785928
112.5 82.5 0.0013050478056360712
112.5 87.5 0.0013094767987127359
112.5 92.5 0.001231633440582023
112.5 97.5 0.0010055220471767898
112.5 102.5 6.960823685118842E-4
112.5 107.5 4.5908364363628684E-4
112.5 112.5 3.7164965015292975E-4
112.5 117.5 3.566998667912462E-4
112.5 122.5 3.4002403048861074E-4
112.5 127.5 2.637103108937621E-4
112.5 132.5 1.631573450788953E-4
112.5 137.5 7.847560372312616E-5
112.5 142.5 2.4531755058574393E-5
112.5 147.5 2.1241153766382713E-5
112.5 152.5 4.0572845388287725E-5
112.5 157.5 5.967930715409262E-5
112.5 162.5 7.376742152585568E-5
112.5 167.5 7.978086305358765E-5
112.5 172.5 7.645112319139417E-5
112.5 177.5 6.447822876651103E-5
117.5 2.5 1.0629213496257582E-5
117.5 7.5 2.946763053502972E-6
117.5 12.5 0.0
117.5 17.5 0.0
117.5 22.5 0.0
117.5 27.5 0.0
117.5 32.5 5.796991881233473E-7
117.5 37.5 1.8395405693525827E-5
117.5 42.5 8.525404211842961E-5
117.5 47.5 2.0505932991848796E-4
117.5 52.5 3.7332226776666473E-4
117.5 57.5 5.609410170775462E-4
117.5 62.5 7.189706033496262E-4
117.5 67.5 8.13880471935503E-4
117.5 72.5 8.336220720098994E-4
117.5 77.5 8.020826352166267E-4
117.5 82.5 7.40847819618476E-4
117.5 87.5 6.524716855411159E-4
117.5 92.5 5.307664599446142E-4
117.5 97.5 3.8217134443306876E-4
117.5 102.5 2.432676913994185E-4
117.5 107.5 1.532982435994321E-4
117.5 112.5 1.100212514189698E-4
117.5 117.5 8.779490631571091E-5
117.5 122.5 7.437056389435075E-5
117.5 127.5 5.4436321131367305E-5
117.5 132.5 2.6375838863188484E-5
117.5 137.5 3.8281535163686274E-6
117.5 142.5 0.0
117.5 147.5 1.423710404394119E-6
117.5 152.5 8.129486347151379E-6
117.5 157.5 1.680561744279833E-5
117.5 162.5 2.3964555929788603E-5
117.5 167.5 2.716318721992237E-5
117.5 172.5 2.5382667031881364E-5
117.5 177.5 1.9185572868970526E-5
122.5 2.5 0.0
122.5 7.5 0.0
122.5 12.5 0.0
122.5 17.5 0.0
122.5 22.5 0.0
122.5 27.5 0.0
122.5 32.5 1.0406446435725564E-8
122.5 37.5 2.9166412098815774E-5
122.5 42.5 1.1990363756187868E-4
122.5 47.5 2.531022972699458E-4
122.5 52.5 3.9859597458161014E-4
122.5 57.5 5.361891660154616E-4
122.5 62.5 6.449407465899461E-4
122.5 67.5 7.024793311399765E-4
122.5 72.5 7.016317053278873E-4
122.5 77.5 6.509981833906959E-4
122.5 82.5 5.762810366848184E-4
122.5 87.5 4.8792160577491395E-4
122.5 92.5 3.9438043386720204E-4
122.5 97.5 2.9824325499495854E-4
122.5 102.5 2.0638534707280345E-4
122.5 107.5 1.3266317273779928E-4
122.5 112.5 8.055527631861694E-5
122.5 117.5 4.604798777628503E-5
122.5 122.5 2.6672785085958742E-5
122.5 127.5 8.628932102554323E-6
122.5 132.5 1.9268843738958334E-7
122.5 137.5 0.0
122.5 142.5 0.0
122.5 147.5 0.0
122.5 152.5 0.0
122.5 157.5 1.067247616126148E-7
122.5 162.5 1.100985321635089E-6
122.5 167.5 1.7869537817814446E-6
122.5 172.5 1.38993456126003E-6
122.5 177.5 3.380670620057455E-7
127.5 2.5 0.0
127.5 7.5 0.0
127.5 12.5 0.0
127.5 17.5 0.0
127.5 22.5 0.0
127.5 27.5 0.0
127.5 32.5 2.617425293982559E-5
127.5 37.5 1.1279987615282542E-4
127.5 42.5 2.436695714446081E-4
127.5 47.5 3.999932599201146E-4
127.5 52.5 5.526945166732435E-4
127.5 57.5 6.800180503717544E-4
127.5 62.5 7.58991354415938E-4
127.5 67.5 7.980304728631804E-4
127.5 72.5 7.949077001146817E-4
127.5 77.5 7.449375708686542E-4
127.5 82.5 6.565488016454865E-4
127.5 87.5 5.523558100326745E-4
127.5 92.5 4.408877045506541E-4
127.5 97.5 3.438895079069653E-4
127.5 102.5 2.5427385059495575E-4
127.5 107.5 1.7968812542902226E-4
127.5 112.5 1.3098614627496134E-4
127.5 117.5 9.754283544795713E-5
127.5 122.5 6.727647157803308E-5
127.5 127.5 3.666900556550009E-5
127.5 132.5 1.2303924841322871E-5
127.5 137.5 4.146206570516767E-7
127.5 142.5 0.0
127.5 147.5 0.0
127.5 152.5 0.0
127.5 157.5 0.0
127.5 162.5 0.0
127.5 167.5 0.0
127.5 172.5 0.0
127.5 177.5 0.0
132.5 2.5 0.0
132.5 7.5 0.0
132.5 12.5 0.0
132.5 17.5 0.0
132.5 22.5 5.514626306807121E-6
132.5 27.5 3.876673606987841E-5
132.5 32.5 1.3790473957469595E-4
132.5 37.5 3.0566051402329373E-4
132.5 42.5 4.956218611818093E-4
132.5 47.5 6.784418919421318E-4
132.5 52.5 8.569922096890936E-4
132.5 57.5 9.73957467094209E-4
132.5 62.5 0.001058675685386282
132.5 67.5 0.0011119674604461098
132.5 72.5 0.0011327427005012494
132.5 77.5 0.001084860141313455
132.5 82.5 9.393030997448681E-4
132.5 87.5 7.66983761168513E-4
132.5 92.5 5.904291182232895E-4
132.5 97.5 4.273415859395288E-4
132.5 102.5 3.2400921223388514E-4
132.5 107.5 2.522870090058546E-4
132.5 112.5 2.0473365117830843E-4
132.5 117.5 1.7076217278438725E-4
132.5 122.5 1.2742988023207297E-4
132.5 127.5 8.108608151290305E-5
132.5 132.5 3.957122378851978E-5
132.5 137.5 1.0458939500965327E-5
132.5 142.5 0.0
132.5 147.5 0.0
132.5 152.5 0.0
132.5 157.5 0.0
132.5 162.5 0.0
132.5 167.5 0.0
132.5 172.5 0.0
132.5 177.5 0.0
137.5 2.5 0.0
137.5 7.5 0.0
137.5 12.5 0.0
137.5 17.5 9.362894564238136E-6
137.5 22.5 5.279668924414086E-5
137.5 27.5 1.574939424871316E-4
137.5 32.5 3.7568849169057237E-4
137.5 37.5 6.526062344083069E-4
137.5 42.5 9.750582236462532E-4
137.5 47.5 0.0013999799191666952
137.5 52.5 0.0018972941302195984
137.5 57.5 0.0023172754372492196
137.5 62.5 0.0025546477547810083
137.5 67.5 0.002630822586873455
137.5 72.5 0.002500193452654396
137.5 77.5 0.0023029652000059546
137.5 82.5 0.0020403022167167794
137.5 87.5 0.0016092141526820624
137.5 92.5 0.0011704696662342624
137.5 97.5 7.476423730875347E-4
137.5 102.5 4.347377149430046E-4
137.5 107.5 3.4129613971307926E-4
137.5 112.5 2.9328423201251434E-4
137.5 117.5 2.5016801149895505E-4
137.5 122.5 1.9458032560096096E-4
137.5 127.5 1.334058535798295E-4
137.5 132.5 7.561588820545835E-5
137.5 137.5 2.99949930316139E-5
137.5 142.5 3.982990632700068E-6
137.5 147.5 0.0
137.5 152.5 1.3267341874796171E-6
137.5 157.5 3.4933670363146106E-6
137.5 162.5 4.478409547109159E-6
137.5 167.5 3.5507307049756017E-6
137.5 172.5 1.396765629788545E-6
137.5 177.5 1.1832275487115362E-9
142.5 2.5 1.4722819790861767E-5
142.5 7.5 2.230088948918864E-5
142.5 12.5 3.262725764306226E-5
142.5 17.5 7.581765601166857E-5
142.5 22.5 1.628047054098022E-4
142.5 27.5 3.883322135377907E-4
142.5 32.5 7.532839568932146E-4
142.5 37.5 0.0012061528670694098
142.5 42.5 0.0018964160870219588
142.5 47.5 0.0029701066419522853
142.5 52.5 0.004453464607235946
142.5 57.5 0.006177057904315181
142.5 62.5 0.007991648562665784
142.5 67.5 0.008956008736784031
142.5 72.5 0.00885709364470772
142.5 77.5 0.0075227349516845165
142.5 82.5 0.006113125791059913
142.5 87.5 0.0051891283755491424
142.5 92.5 0.0039328084384264266
142.5 97.5 0.0024977771680917836
142.5 102.5 0.0012159292773583786
142.5 107.5 5.553823048184916E-4
142.5 112.5 4.105789360042723E-4
142.5 117.5 3.5591003988478257E-4
142.5 122.5 2.8438290962978227E-4
142.5 127.5 1.9902592189728215E-4
142.5 132.5 1.1613800481223568E-4
142.5 137.5 5.3231741339863594E-5
142.5 142.5 1.7667659959276622E-5
142.5 147.5 1.4220982902619878E-5
142.5 152.5 2.5496068023497077E-5
142.5 157.5 3.4083947095197405E-5
142.5 162.5 3.7330120353219954E-5
142.5 167.5 3.428040837340077E-5
142.5 172.5 2.5830576006425677E-5
142.5 177.5 1.5397515758259944E-5
147.5 2.5 1.254691991549311E-4
147.5 7.5 1.2523518694104217E-4
147.5 12.5 1.4657379676731016E-4
147.5 17.5 2.2223574142788796E-4
147.5 22.5 4.34204962241688E-4
147.5 27.5 8.378540438661407E-4
147.5 32.5 0.0013623086094049
147.5 37.5 0.002126743957250914
147.5 42.5 0.0037118060142251118
147.5 47.5 0.00672466154356015
147.5 52.5 0.01114982289488395
147.5 57.5 0.01680823468754743
147.5 62.5 0.02243611871416974
147.5 67.5 0.027189744236098136
147.5 72.5 0.028061757830759728
147.5 77.5 0.024303271622714572
147.5 82.5 0.01885433103600983
147.5 87.5 0.014258116979175022
147.5 92.5 0.010618295386852756
147.5 97.5 0.007236353201458422
147.5 102.5 0.0039383320878929266
147.5 107.5 0.0016703772391619054
147.5 112.5 8.441409637733622E-4
147.5 117.5 5.508714697622895E-4
147.5 122.5 4.18074005275762E-4
147.5 127.5 3.0625533001049E-4
147.5 132.5 1.892727204006376E-4
147.5 137.5 9.801681850750451E-5
147.5 142.5 5.4396561011749316E-5
147.5 147.5 5.547542967495748E-5
147.5 152.5 7.685796445598167E-5
147.5 157.5 9.341284100838464E-5
147.5 162.5 1.0822266796250674E-4
147.5 167.5 1.1468239603111012E-4
147.5 172.5 1.1450700212345122E-4
147.5 177.5 1.2064384831477502E-4
152.5 2.5 4.389068313436412E-4
152.5 7.5 4.196064755628863E-4
152.5 12.5 5.104456845419184E-4
152.5 17.5 8.03866341616614E-4
152.5 22.5 0.0012634789782754445
152.5 27.5 0.0019807802403781797
152.5 32.5 0.003122493525000226
152.5 37.5 0.005140932168016285
152.5 42.5 0.009208939750840146
152.5 47.5 0.01603569306158086
152.5 52.5 0.02698540065134427
152.5 57.5 0.04208741848955173
152.5 62.5 0.0610176408216537
152.5 67.5 0.07979774210476476
152.5 72.5 0.08749967797804536
152.5 77.5 0.07901317407129117
152.5 82.5 0.05838391635947825
152.5 87.5 0.037535067573662886
152.5 92.5 0.023873234685099314
152.5 97.5 0.01568431120551906
152.5 102.5 0.009798597149858247
152.5 107.5 0.0049457539644551475
152.5 112.5 0.0023821219550466287
152.5 117.5 0.0012920374236601454
152.5 122.5 6.989017152444121E-4
152.5 127.5 4.4280072565574093E-4
152.5 132.5 3.0668341643767637E-4
152.5 137.5 1.9573506667951388E-4
152.5 142.5 1.2790720556637804E-4
152.5 147.5 1.1958732428017265E-4
152.5 152.5 1.596436514491408E-4
152.5 157.5 2.1312606603446908E-4
152.5 162.5 2.683579770803675E-4
152.5 167.5 3.151058980767706E-4
152.5 172.5 3.7463650467174994E-4
152.5 177.5 4.2018063902610637E-4
157.5 2.5 0.001107296893687285
157.5 7.5 0.0014702189142391734
157.5 12.5 0.0021567671053012083
157.5 17.5 0.003078971320905785
157.5 22.5 0.004701790370721992
157.5 27.5 0.0070996252780412905
157.5 32.5 0.010213430799747255
157.5 37.5 0.014581696443135624
157.5 42.5 0.02230114392457937
157.5 47.5 0.03691148987574919
157.5 52.5 0.06175719689488951
157.5 57.5 0.0990760509585664
157.5 62.5 0.15442373115941932
157.5 67.5 0.21143577405812916
157.5 72.5 0.24358098861147098
157.5 77.5 0.23248624254939854
157.5 82.5 0.1893202249969187
157.5 87.5 0.12745024220543527
157.5 92.5 0.06923549684310067
157.5 97.5 0.03517075301222685
157.5 102.5 0.0213134682261855
157.5 107.5 0.012225008638115178
157.5 112.5 0.006471646643497154
157.5 117.5 0.003593099534420354
157.5 122.5 0.0016057224065847363
157.5 127.5 7.073038021242462E-4
157.5 132.5 4.747050477720532E-4
157.5 137.5 3.533630314862594E-4
157.5 142.5 2.8171792963922846E-4
157.5 147.5 2.7586169814829234E-4
157.5 152.5 3.6354720150088144E-4
157.5 157.5 4.8330544904244896E-4
157.5 162.5 6.007444193551344E-4
157.5 167.5 7.368361265228747E-4
157.5 172.5 8.775837910447612E-4
157.5 177.5 0.0010005117970356963
162.5 2.5 0.002802033705842758
162.5 7.5 0.003978282469247734
162.5 12.5 0.005546256777262454
162.5 17.5 0.007982182361762971
162.5 22.5 0.012168039154756094
162.5 27.5 0.01868302847572349
162.5 32.5 0.027641988521573003
162.5 37.5 0.03972757405011605
162.5 42.5 0.05713036367068389
162.5 47.5 0.08625363237688718
162.5 52.5 0.1345441371778966
162.5 57.5 0.21379800455739126
162.5 62.5 0.33177657468692073
162.5 67.5 0.47274857063785947
162.5 72.5 0.5954436191032999
162.5 77.5 0.6384115670721627
162.5 82.5 0.5512127355239504
162.5 87.5 0.38250412098538433
162.5 92.5 0.2100164201714457
162.5 97.5 0.09855300058256186
162.5 102.5 0.04922360459200869
162.5 107.5 0.026593450817469104
162.5 112.5 0.014552599298678423
162.5 117.5 0.0076492271861617915
162.5 122.5 0.0037740417596136915
162.5 127.5 0.0014648046072686766
162.5 132.5 7.408554943691524E-4
162.5 137.5 6.07182068030549E-4
162.5 142.5 5.545877319764471E-4
162.5 147.5 6.044149799554384E-4
162.5 152.5 7.587001353211328E-4
162.5 157.5 9.414275832820551E-4
162.5 162.5 0.001136718275533329
162.5 167.5 0.0014150238031655625
162.5 172.5 0.0017757572589680527
162.5 177.5 0.0021405201083452194
167.5 2.5 0.006033159689084163
167.5 7.5 0.008060893554571045
167.5 12.5 0.010863983042799254
167.5 17.5 0.01531141481820091
167.5 22.5 0.023434068110765115
167.5 27.5 0.03712071507667864
167.5 32.5 0.05862112959894261
167.5 37.5 0.08804840271678589
167.5 42.5 0.12586377146592187
167.5 47.5 0.18059929168802916
167.5 52.5 0.2725352795912743
167.5 57.5 0.41483940585952594
167.5 62.5 0.636223638547754
167.5 67.5 0.9363887463280853
167.5 72.5 1.2681210338291637
167.5 77.5 1.4557112086679633
167.5 82.5 1.3360886141750878
167.5 87.5 0.9409882805288781
167.5 92.5 0.5175856726851122
167.5 97.5 0.23982238082327892
167.5 102.5 0.11282273211933531
167.5 107.5 0.05227060500876124
167.5 112.5 0.026938684400792296
167.5 117.5 0.013546809130098602
167.5 122.5 0.006422006445453452
167.5 127.5 0.0028040527016189713
167.5 132.5 0.0013714030705232897
167.5 137.5 0.001077011529801409
167.5 142.5 0.001057098640008942
167.5 147.5 0.0012442716713279133
167.5 152.5 0.0015533107812545168
167.5 157.5 0.001906981850620277
167.5 162.5 0.00235654885556581
167.5 167.5 0.0029854659878307634
167.5 172.5 0.0037137253252876733
167.5 177.5 0.004582936622772641
172.5 2.5 0.010580093841540445
172.5 7.5 0.013384443141356804
172.5 12.5 0.017616348629959443
172.5 17.5 0.024532713930435674
172.5 22.5 0.03751927273582354
172.5 27.5 0.061029626809726456
172.5 32.5 0.1003324959036919
172.5 37.5 0.1516861186282999
172.5 42.5 0.21589182838509374
172.5 47.5 0.30669717236820465
172.5 52.5 0.4563067551077502
172.5 57.5 0.6900179691187318
172.5 62.5 1.0539057850603906
172.5 67.5 1.571361006606016
172.5 72.5 2.1835805331173557
172.5 77.5 2.5825015935683475
172.5 82.5 2.3953925694345157
172.5 87.5 1.7097805968654562
172.5 92.5 0.9966939949705799
172.5 97.5 0.478475721945131
172.5 102.5 0.2266353308010152
172.5 107.5 0.10021802893575665
172.5 112.5 0.04557432335904958
172.5 117.5 0.020994220868480216
172.5 122.5 0.009502737023666087
172.5 127.5 0.004296132005585127
172.5 132.5 0.002418639253308665
172.5 137.5 0.0020145094736662753
172.5 142.5 0.002038472333423405
172.5 147.5 0.002493608094654326
172.5 152.5 0.003231313071084375
172.5 157.5 0.004211751681760576
172.5 162.5 0.005320872605880962
172.5 167.5 0.006399110360801137
172.5 172.5 0.0073563101165980424
172.5 177.5 0.008588767788401406
177.5 2.5 0.015810133745406782
177.5 7.5 0.019218782627551157
177.5 12.5 0.02467025769113229
177.5 17.5 0.03350207040135545
177.5 22.5 0.05027465458327948
177.5 27.5 0.082662274400625
177.5 32.5 0.1350063130090985
177.5 37.5 0.2029841445518715
177.5 42.5 0.28803196083021326
177.5 47.5 0.4065266639697075
177.5 52.5 0.6096792423709075
177.5 57.5 0.9241252799641843
177.5 62.5 1.3913711913608946
177.5 67.5 2.0584116059661675
177.5 72.5 2.790932034658883
177.5 77.5 3.194292584603305
177.5 82.5 2.91957274231289
177.5 87.5 2.192233802819662
177.5 92.5 1.4062299038961377
177.5 97.5 0.7688308554530718
177.5 102.5 0.37149511817887654
177.5 107.5 0.17013832362911105
177.5 112.5 0.07553107268134347
177.5 117.5 0.03114334064531704
177.5 122.5 0.013558014073672802
177.5 127.5 0.006515966704371257
177.5 132.5 0.0038255134822423012
177.5 137.5 0.0034247835778728228
177.5 142.5 0.0037309615167567555
177.5 147.5 0.004768110009855886
177.5 152.5 0.0062709852919112215
177.5 157.5 0.008097673906171556
177.5 162.5 0.009908068930513885
177.5 167.5 0.011375709181309658
177.5 172.5 0.01243817737387003
177.5 177.5 0.013631492889593822
182.5 2.5 0.02064722665799892
182.5 7.5 0.024078597696217303
182.5 12.5 0.029903195539838886
182.5 17.5 0.03936535026269714
182.5 22.5 0.056930273389029694
182.5 27.5 0.09044136347318052
182.5 32.5 0.14414957048433832
182.5 37.5 0.2133208870957842
182.5 42.5 0.29706236212347203
182.5 47.5 0.41571892363090307
182.5 52.5 0.6213860305170926
182.5 57.5 0.9367170169638342
182.5 62.5 1.4049017841609828
182.5 67.5 2.029581243306271
182.5 72.5 2.620802977305576
182.5 77.5 2.8220529316121308
182.5 82.5 2.5132614538045743
182.5 87.5 2.020924556568233
182.5 92.5 1.4996134063713256
182.5 97.5 0.949703030729849
182.5 102.5 0.5078701693803453
182.5 107.5 0.24723251217062525
182.5 112.5 0.11203774631493595
182.5 117.5 0.045330556716383405
182.5 122.5 0.019236351431457088
182.5 127.5 0.009789071112280258
182.5 132.5 0.006018109209046584
182.5 137.5 0.005239038628858624
182.5 142.5 0.006007279413162121
182.5 147.5 0.007752959671296046
182.5 152.5 0.010084836916483488
182.5 157.5 0.01263242471911757
182.5 162.5 0.014949441172251571
182.5 167.5 0.01667549043875515
182.5 172.5 0.017720656898780482
182.5 177.5 0.018721751639905377
187.5 2.5 0.02383281899487783
187.5 7.5 0.02661017852086763
187.5 12.5 0.0316593453004757
187.5 17.5 0.04032455405171841
187.5 22.5 0.055170808226938005
187.5 27.5 0.08166789530234697
187.5 32.5 0.12503272208483177
187.5 37.5 0.1792712789681864
187.5 42.5 0.2407811414109323
187.5 47.5 0.3286685108850126
187.5 52.5 0.48312362362523553
187.5 57.5 0.727318825108896
187.5 62.5 1.0735656559174027
187.5 67.5 1.4915899012000888
187.5 72.5 1.8481228619507342
187.5 77.5 1.9240321131395015
187.5 82.5 1.738343891972772
187.5 87.5 1.4977642549518442
187.5 92.5 1.2414198533530079
187.5 97.5 0.8957067880221943
187.5 102.5 0.5429225284453331
187.5 107.5 0.28758146966653564
187.5 112.5 0.1363151869714981
187.5 117.5 0.058588797627050944
187.5 122.5 0.026055277336694296
187.5 127.5 0.013933690534616516
187.5 132.5 0.008697633985855897
187.5 137.5 0.007406591982319859
187.5 142.5 0.008300750461207795
187.5 147.5 0.010627871316080078
187.5 152.5 0.013596540341295095
187.5 157.5 0.016613297489653598
187.5 162.5 0.019133078428593464
187.5 167.5 0.02088677302681245
187.5 172.5 0.021796232216759404
187.5 177.5 0.022436092814538667
192.5 2.5 0.024409646141337126
192.5 7.5 0.026149170231926946
192.5 12.5 0.029619517984805582
192.5 17.5 0.03601111728997195
192.5 22.5 0.04662751459938635
192.5 27.5 0.06383486950089352
192.5 32.5 0.09085765316663477
192.5 37.5 0.12423437170677305
192.5 42.5 0.16301236654634338
192.5 47.5 0.21714631714434962
192.5 52.5 0.31027994755017513
192.5 57.5 0.4599047601658831
192.5 62.5 0.6498996679443306
192.5 67.5 0.8542907344555078
192.5 72.5 1.0263151960486436
192.5 77.5 1.0905519248505877
192.5 82.5 1.0439357982299255
192.5 87.5 0.9563752383511525
192.5 92.5 0.8394661979813388
192.5 97.5 0.665048271186389
192.5 102.5 0.44758801118705777
192.5 107.5 0.2553068058097068
192.5 112.5 0.13030404380140426
192.5 117.5 0.06249844141670189
192.5 122.5 0.031748321704218846
192.5 127.5 0.017877927806956864
192.5 132.5 0.011116079122510355
192.5 137.5 0.009309902865104991
192.5 142.5 0.010059377996157783
192.5 147.5 0.012600641147705552
192.5 152.5 0.015844127957267
192.5 157.5 0.018976333004193678
192.5 162.5 0.021401184879169744
192.5 167.5 0.02290063594442171
192.5 172.5 0.02352348905528187
192.5 177.5 0.023708763185422255
197.5 2.5 0.022127813172159134
197.5 7.5 0.02293736547689208
197.5 12.5 0.024805738388502314
197.5 17.5 0.02838240007785595
197.5 22.5 0.03447193669686468
197.5 27.5 0.04425998729680719
197.5 32.5 0.05873114514386486
197.5 37.5 0.07619836595535298
197.5 42.5 0.09828703839204579
197.5 47.5 0.13129523591065953
197.5 52.5 0.18570441609691912
197.5 57.5 0.26216010265754963
197.5 62.5 0.35094247212205454
197.5 67.5 0.42750117228222095
197.5 72.5 0.49646912491415357
197.5 77.5 0.5602313919923017
197.5 82.5 0.5838533812289635
197.5 87.5 0.553099858443769
197.5 92.5 0.48862206463995717
197.5 97.5 0.4027603632066886
197.5 102.5 0.28509594133073995
197.5 107.5 0.174265570901966
197.5 112.5 0.10021308962228674
197.5 117.5 0.05727511638782349
197.5 122.5 0.03388423018430638
197.5 127.5 0.019979508197260357
197.5 132.5 0.01259786772574562
197.5 137.5 0.01024723959017362
197.5 142.5 0.01075795185680907
197.5 147.5 0.013158283610687103
197.5 152.5 0.01625120335399531
197.5 157.5 0.019127042161085923
197.5 162.5 0.021214138420113233
197.5 167.5 0.022223789749531323
197.5 172.5 0.022394135481434686
197.5 177.5 0.022138351393851285
202.5 2.5 0.017564558192597817
202.5 7.5 0.017791107173895968
202.5 12.5 0.018615229216507018
202.5 17.5 0.02002233968655186
202.5 22.5 0.0229441986099291
202.5 27.5 0.027352192506157447
202.5 32.5 0.033859550222734014
202.5 37.5 0.04325902042401874
202.5 42.5 0.05656762072888124
202.5 47.5 0.07652120558832932
202.5 52.5 0.10851522074656161
202.5 57.5 0.15253216929465316
202.5 62.5 0.19564742543155836
202.5 67.5 0.22171491680868646
202.5 72.5 0.2354397955957412
202.5 77.5 0.26092139152802574
202.5 82.5 0.285184486648878
202.5 87.5 0.27835544827486725
202.5 92.5 0.24620534293307092
202.5 97.5 0.20116729464075453
202.5 102.5 0.14806329311331234
202.5 107.5 0.10224850290293312
202.5 112.5 0.07026594552158283
202.5 117.5 0.048249766603542854
202.5 122.5 0.03146233086721312
202.5 127.5 0.019339165416986735
202.5 132.5 0.01259859636201327
202.5 137.5 0.009968979347191449
202.5 142.5 0.010199873679070633
202.5 147.5 0.01217324988566627
202.5 152.5 0.014777009504596605
202.5 157.5 0.017095391017579332
202.5 162.5 0.018653821981395053
202.5 167.5 0.01910528624639313
202.5 172.5 0.01873773115390886
202.5 177.5 0.01802493750272195
207.5 2.5 0.011806066752587897
207.5 7.5 0.011772681743405735
207.5 12.5 0.01223591803864844
207.5 17.5 0.012735742207450615
207.5 22.5 0.01381387850131531
207.5 27.5 0.01581059157848985
207.5 32.5 0.018120039899199487
207.5 37.5 0.022516789807805363
207.5 42.5 0.03095937524398301
207.5 47.5 0.044287841300242194
207.5 52.5 0.06311131145048904
207.5 57.5 0.08473654677760589
207.5 62.5 0.10440766128791598
207.5 67.5 0.11283060504744812
207.5 72.5 0.11530079487572271
207.5 77.5 0.12033591091340082
207.5 82.5 0.12828469221858094
207.5 87.5 0.13163194175551796
207.5 92.5 0.12224503140379091
207.5 97.5 0.10187502341917133
207.5 102.5 0.0800373468235895
207.5 107.5 0.06283672463685215
207.5 112.5 0.04909662989070275
207.5 117.5 0.036975449589076406
207.5 122.5 0.025606910751616543
207.5 127.5 0.016738624096285494
207.5 132.5 0.011151022193506537
207.5 137.5 0.008687908594267857
207.5 142.5 0.008588453278964072
207.5 147.5 0.009966995958765299
207.5 152.5 0.01186760592479268
207.5 157.5 0.0134897928884421
207.5 162.5 0.014420238981498499
207.5 167.5 0.014442395414173274
207.5 172.5 0.013618900152287932
207.5 177.5 0.012566910397807229
212.5 2.5 0.006546528158084203
212.5 7.5 0.006371927961428117
212.5 12.5 0.006648339311655932
212.5 17.5 0.007019275529827145
212.5 22.5 0.007452892551967105
212.5 27.5 0.008287797112141004
212.5 32.5 0.009652726557750107
212.5 37.5 0.012364939696231755
212.5 42.5 0.01818141432589925
212.5 47.5 0.02645755126563801
212.5 52.5 0.03666486467961087
212.5 57.5 0.04777506416916733
212.5 62.5 0.056395915550512314
212.5 67.5 0.05986334775972055
212.5 72.5 0.059633151816878616
212.5 77.5 0.059878747192885606
212.5 82.5 0.06256679177934983
212.5 87.5 0.06463075311773075
212.5 92.5 0.061810254137832824
212.5 97.5 0.054670183364034584
212.5 102.5 0.04626498787315819
212.5 107.5 0.03859097026060344
212.5 112.5 0.032104319914967254
212.5 117.5 0.025602720639295414
212.5 122.5 0.01879937908905219
212.5 127.5 0.013024846362357788
212.5 132.5 0.008935954952338251
212.5 137.5 0.006828511997012614
212.5 142.5 0.00645015468601539
212.5 147.5 0.00722379385315647
212.5 152.5 0.008340430592234592
212.5 157.5 0.00925586887612079
212.5 162.5 0.009647759135174176
212.5 167.5 0.00937892041636592
212.5 172.5 0.008466210898701526
212.5 177.5 0.0073300847860896775
217.5 2.5 0.0031463637226484004
217.5 7.5 0.00295262781347182
217.5 12.5 0.003088819682201479
217.5 17.5 0.003316069517903206
217.5 22.5 0.0035610972932396024
217.5 27.5 0.00407984157522997
217.5 32.5 0.005014767982740634
217.5 37.5 0.00669378073310207
217.5 42.5 0.01021785181569769
217.5 47.5 0.015302234330787114
217.5 52.5 0.02024196858442275
217.5 57.5 0.025107513543554928
217.5 62.5 0.02943329379672011
217.5 67.5 0.03169412658361213
217.5 72.5 0.0314104673982411
217.5 77.5 0.03153516049495767
217.5 82.5 0.03229692536373336
217.5 87.5 0.033024245621525415
217.5 92.5 0.03200663743374557
217.5 97.5 0.029023772234373874
217.5 102.5 0.025431998653276885
217.5 107.5 0.02237954796506239
217.5 112.5 0.019651766489671655
217.5 117.5 0.016519593660243546
217.5 122.5 0.012831750255635072
217.5 127.5 0.009345136968683594
217.5 132.5 0.006504027935458087
217.5 137.5 0.0048909915094950745
217.5 142.5 0.004491783576706932
217.5 147.5 0.004703634253124982
217.5 152.5 0.005101635912609919
217.5 157.5 0.005425037944102038
217.5 162.5 0.005480027882352744
217.5 167.5 0.005154475987924286
217.5 172.5 0.004470702646594871
217.5 177.5 0.0036771939533152696
222.5 2.5 0.0015592513241287711
222.5 7.5 0.0014338547844843588
222.5 12.5 0.0014243607659005198
222.5 17.5 0.0014190521345297654
222.5 22.5 0.0014581216005223057
222.5 27.5 0.0017144529030329908
222.5 32.5 0.0022972387574514397
222.5 37.5 0.003204777677893136
222.5 42.5 0.00472240022740919
222.5 47.5 0.007025953072921802
222.5 52.5 0.009565778893703313
222.5 57.5 0.01159525707999796
222.5 62.5 0.013329463660730862
222.5 67.5 0.015120352583491538
222.5 72.5 0.016642091893110843
222.5 77.5 0.017203008807770558
222.5 82.5 0.01787748336830629
222.5 87.5 0.018010475952320196
222.5 92.5 0.017269556685105297
222.5 97.5 0.015765581370431745
222.5 102.5 0.014185043299153738
222.5 107.5 0.012811390402729201
222.5 112.5 0.01185121894059206
222.5 117.5 0.010315080408080908
222.5 122.5 0.008358578574469727
222.5 127.5 0.006179966183705981
222.5 132.5 0.004505135987520067
222.5 137.5 0.003548151575443637
222.5 142.5 0.0031028578074555214
222.5 147.5 0.00295810397817791
222.5 152.5 0.002889589929142797
222.5 157.5 0.0028197739366815624
222.5 162.5 0.002724819514869136
222.5 167.5 0.0025421597914098955
222.5 172.5 0.0022565345947791315
222.5 177.5 0.001886873980557655
227.5 2.5 9.35835758502139E-4
227.5 7.5 7.840039415334038E-4
227.5 12.5 6.64808002572948E-4
227.5 17.5 5.632303824441997E-4
227.5 22.5 4.883127764678649E-4
227.5 27.5 5.557693921621285E-4
227.5 32.5 7.967880168145834E-4
227.5 37.5 0.0011550548546494226
227.5 42.5 0.001712600765656313
227.5 47.5 0.002591367674177302
227.5 52.5 0.0036799073748114536
227.5 57.5 0.004829525809038387
227.5 62.5 0.006022334004636199
227.5 67.5 0.007559060508971827
227.5 72.5 0.009364662385373654
227.5 77.5 0.010972964591497106
227.5 82.5 0.011658290827354536
227.5 87.5 0.011456800700940328
227.5 92.5 0.010766494348757663
227.5 97.5 0.009837371696938216
227.5 102.5 0.008900857011768072
227.5 107.5 0.008242380276436237
227.5 112.5 0.007668658263206059
227.5 117.5 0.006765615505040887
227.5 122.5 0.005553373027623458
227.5 127.5 0.004344165606095021
227.5 132.5 0.0034078998979931966
227.5 137.5 0.002798040830591578
227.5 142.5 0.002363059227992482
227.5 147.5 0.0020022114365823153
227.5 152.5 0.001730458844442885
227.5 157.5 0.001580272154729101
227.5 162.5 0.001502537794637961
227.5 167.5 0.0014296203591321215
227.5 172.5 0.001293093305001306
227.5 177.5 0.0011136823003241724
232.5 2.5 6.505341480764757E-4
232.5 7.5 5.485212399729713E-4
232.5 12.5 4.3431297074781727E-4
232.5 17.5 3.3938041568551316E-4
232.5 22.5 2.687635932376472E-4
232.5 27.5 2.8558537136781756E-4
232.5 32.5 4.3469952086740946E-4
232.5 37.5 6.590758423868786E-4
232.5 42.5 9.193228162496922E-4
232.5 47.5 0.001316140674977145
232.5 52.5 0.0019304388573278585
232.5 57.5 0.0028633728554646846
232.5 62.5 0.00402601364925345
232.5 67.5 0.005415267560485405
232.5 72.5 0.006893407710471779
232.5 77.5 0.008148044818584978
232.5 82.5 0.008812265631805876
232.5 87.5 0.008837977150141004
232.5 92.5 0.008346309721844197
232.5 97.5 0.007617363593410016
232.5 102.5 0.00698000322991646
232.5 107.5 0.006505501070393856
232.5 112.5 0.005966655487090229
232.5 117.5 0.005307562392036671
232.5 122.5 0.004550540907677627
232.5 127.5 0.0037873619105477157
232.5 132.5 0.0031190026126046142
232.5 137.5 0.002562508037438089
232.5 142.5 0.0020469015932084427
232.5 147.5 0.001589648837657081
232.5 152.5 0.0012362564927576153
232.5 157.5 0.0010157432984255574
232.5 162.5 9.184224526521999E-4
232.5 167.5 8.7082058479082E-4
232.5 172.5 8.117905118647186E-4
232.5 177.5 7.342022800408867E-4
237.5 2.5 4.664177065089455E-4
237.5 7.5 4.253012426798749E-4
237.5 12.5 4.3539086265283883E-4
237.5 17.5 5.046830935230229E-4
237.5 22.5 7.627552172924675E-4
237.5 27.5 0.0011171583797479517
237.5 32.5 0.0014157649822690217
237.5 37.5 0.0016085397795008707
237.5 42.5 0.0018188247477508655
237.5 47.5 0.002121603195324461
237.5 52.5 0.0026187637587486725
237.5 57.5 0.0033227568020759886
237.5 62.5 0.004179423418782719
237.5 67.5 0.005160982739483281
237.5 72.5 0.0061346054692046174
237.5 77.5 0.006931224473380863
237.5 82.5 0.007411310039565391
237.5 87.5 0.007447090995656602
237.5 92.5 0.007155092113155595
237.5 97.5 0.006722122654965966
237.5 102.5 0.006374920316531116
237.5 107.5 0.006044892743737241
237.5 112.5 0.005670177945353671
237.5 117.5 0.005207993388441986
237.5 122.5 0.004624473848355309
237.5 127.5 0.004011686280850535
237.5 132.5 0.00339974988451093
237.5 137.5 0.002796794394558871
237.5 142.5 0.002191515585082242
237.5 147.5 0.0016439736127348645
237.5 152.5 0.0011949272080195384
237.5 157.5 8.834959078234583E-4
237.5 162.5 7.01650131446546E-4
237.5 167.5 6.197560815971491E-4
237.5 172.5 5.720804063852508E-4
237.5 177.5 5.227753549961171E-4
242.5 2.5 4.84458197006366E-4
242.5 7.5 6.827436300355049E-4
242.5 12.5 9.881452574814304E-4
242.5 17.5 0.0015559097303541674
242.5 22.5 0.0023305024038330485
242.5 27.5 0.0030301864331437746
242.5 32.5 0.003527030516730285
242.5 37.5 0.003954550166273878
242.5 42.5 0.004387333929276403
242.5 47.5 0.004719318655572951
242.5 52.5 0.004915833569438642
242.5 57.5 0.005099146607207097
242.5 62.5 0.005503528746622797
242.5 67.5 0.006016654475826723
242.5 72.5 0.006512896159422362
242.5 77.5 0.006980828268467753
242.5 82.5 0.00741420404813006
242.5 87.5 0.00762645008738973
242.5 92.5 0.00752477204142062
242.5 97.5 0.007314217604226
242.5 102.5 0.00708026853558134
242.5 107.5 0.006658331008184659
242.5 112.5 0.006121863643571801
242.5 117.5 0.005754930695033638
242.5 122.5 0.0053476615281675905
242.5 127.5 0.004783150032082087
242.5 132.5 0.004093523065509306
242.5 137.5 0.003361934195515847
242.5 142.5 0.0026477015127629186
242.5 147.5 0.001979712132694992
242.5 152.5 0.0013993853402535625
242.5 157.5 9.696789796296412E-4
242.5 162.5 7.174372483398215E-4
242.5 167.5 5.722940582187393E-4
242.5 172.5 4.766862818295027E-4
242.5 177.5 4.2651373372739134E-4
247.5 2.5 9.871086690041828E-4
247.5 7.5 0.0015494221850999438
247.5 12.5 0.002427915037456395
247.5 17.5 0.0037799830393909556
247.5 22.5 0.005193223590089909
247.5 27.5 0.006264233634484977
247.5 32.5 0.007107912916065517
247.5 37.5 0.007977373955334745
247.5 42.5 0.008707516059719068
247.5 47.5 0.009125335055878092
247.5 52.5 0.008985986302048348
247.5 57.5 0.008800574410577928
247.5 62.5 0.008778515407123613
247.5 67.5 0.008919805839433114
247.5 72.5 0.00918459477008717
247.5 77.5 0.009600090992689879
247.5 82.5 0.010251217227024477
247.5 87.5 0.010811328511141053
247.5 92.5 0.011226017075663928
247.5 97.5 0.01120149387330637
247.5 102.5 0.010556644371552756
247.5 107.5 0.009594427809853265
247.5 112.5 0.008530927734311827
247.5 117.5 0.007623036480933494
247.5 122.5 0.007060302338660176
247.5 127.5 0.006327942194502184
247.5 132.5 0.0052693579468707265
247.5 137.5 0.0041736498721858485
247.5 142.5 0.0032622582016144162
247.5 147.5 0.002465527330505779
247.5 152.5 0.0017806190763478102
247.5 157.5 0.0012493359357043168
247.5 162.5 9.040516307444342E-4
247.5 167.5 6.811614903624318E-4
247.5 172.5 5.47178120506922E-4
247.5 177.5 6.294520250498891E-4
252.5 2.5 0.002064239435259414
252.5 7.5 0.0032159290147675992
252.5 12.5 0.005222758871967317
252.5 17.5 0.007747470167536317
252.5 22.5 0.010087242250051686
252.5 27.5 0.011734483706300232
252.5 32.5 0.013017941697816737
252.5 37.5 0.014468629879495242
252.5 42.5 0.015709639635506853
252.5 47.5 0.01635281226354987
252.5 52.5 0.016859520828173297
252.5 57.5 0.01700781145145556
252.5 62.5 0.01696101283815979
252.5 67.5 0.01715988286863702
252.5 72.5 0.01775914613354605
252.5 77.5 0.018872965169342625
252.5 82.5 0.019322735567073635
252.5 87.5 0.019708099417836945
252.5 92.5 0.02012860586607056
252.5 97.5 0.019633231156192196
252.5 102.5 0.018137266050363393
252.5 107.5 0.016181390657738385
252.5 112.5 0.014117452781094402
252.5 117.5 0.012277467448971036
252.5 122.5 0.010626181496973607
252.5 127.5 0.009097621103122166
252.5 132.5 0.007409546431369931
252.5 137.5 0.005688736091328685
252.5 142.5 0.004314071919965819
252.5 147.5 0.0033780254310734462
252.5 152.5 0.002582863372174717
252.5 157.5 0.001893172631572366
252.5 162.5 0.0014249688720299894
252.5 167.5 0.0010954264603006574
252.5 172.5 0.001084395825580683
252.5 177.5 0.0014006858931403443
257.5 2.5 0.004583162231374604
257.5 7.5 0.007248964373034192
257.5 12.5 0.011234709180361731
257.5 17.5 0.015333509066926905
257.5 22.5 0.018378961111863778
257.5 27.5 0.020241890529779552
257.5 32.5 0.02178548998944273
257.5 37.5 0.023603886161850995
257.5 42.5 0.02579923635132535
257.5 47.5 0.028392763249433597
257.5 52.5 0.03089469897207862
257.5 57.5 0.0329838709650148
257.5 62.5 0.034227540916901826
257.5 67.5 0.03532054335884627
257.5 72.5 0.03645615714223904
257.5 77.5 0.037459958775455326
257.5 82.5 0.038128732950101114
257.5 87.5 0.038118008501360524
257.5 92.5 0.037122283644773914
257.5 97.5 0.035317864383862835
257.5 102.5 0.03253519884034755
257.5 107.5 0.0300280978736723
257.5 112.5 0.02762445857006652
257.5 117.5 0.024166977784591898
257.5 122.5 0.019987461054473615
257.5 127.5 0.015694106584881785
257.5 132.5 0.011703076484023535
257.5 137.5 0.008492735356022161
257.5 142.5 0.006355227194711074
257.5 147.5 0.0051705484387368494
257.5 152.5 0.00438015026255891
257.5 157.5 0.0036978153266562595
257.5 162.5 0.0030934457427659
257.5 167.5 0.002682339530122006
257.5 172.5 0.0027037682448153625
257.5 177.5 0.003286328437614914
262.5 2.5 0.01229800214097778
262.5 7.5 0.018049922059578158
262.5 12.5 0.02446340798709627
262.5 17.5 0.029938964347193286
262.5 22.5 0.03335543752309553
262.5 27.5 0.03464826143727109
262.5 32.5 0.035143845332436356
262.5 37.5 0.036473203273404635
262.5 42.5 0.03965205961508378
262.5 47.5 0.0452705770434448
262.5 52.5 0.05251157125403776
262.5 57.5 0.05863132549467707
262.5 62.5 0.06309997786339207
262.5 67.5 0.06591263328310039
262.5 72.5 0.06924706771183614
262.5 77.5 0.07486748984780543
262.5 82.5 0.07925131452230036
262.5 87.5 0.07829391045112916
262.5 92.5 0.07291379707412242
262.5 97.5 0.06705076265645285
262.5 102.5 0.06225842381058759
262.5 107.5 0.060756829042202566
262.5 112.5 0.05983896223120574
262.5 117.5 0.05514707954189921
262.5 122.5 0.04525714563976677
262.5 127.5 0.03342611199730526
262.5 132.5 0.02287442068384903
262.5 137.5 0.015209449941257749
262.5 142.5 0.010539998059786686
262.5 147.5 0.008755212893951942
262.5 152.5 0.008397653162164878
262.5 157.5 0.008048437624046011
262.5 162.5 0.0072818690909206675
262.5 167.5 0.006678076464542292
262.5 172.5 0.006924007568997324
262.5 177.5 0.008553225827491824
267.5 2.5 0.03268888890079084
267.5 7.5 0.042127523026569254
267.5 12.5 0.0500261286384353
267.5 17.5 0.0557843191645492
267.5 22.5 0.0575776981128066
267.5 27.5 0.05598449126268852
267.5 32.5 0.05332932908738505
267.5 37.5 0.05214856226567912
267.5 42.5 0.05589648459241795
267.5 47.5 0.06622521749069463
267.5 52.5 0.0801548902485143
267.5 57.5 0.09440168019497051
267.5 62.5 0.10685040902601647
267.5 67.5 0.11619176186839679
267.5 72.5 0.12963857191696437
267.5 77.5 0.15226347459005019
267.5 82.5 0.16792858943395889
267.5 87.5 0.16610887869203178
267.5 92.5 0.15360785484139206
267.5 97.5 0.1391275252305445
267.5 102.5 0.13046944283103268
267.5 107.5 0.12900423432942132
267.5 112.5 0.12889926405483862
267.5 117.5 0.12012748057851703
267.5 122.5 0.09839801831966871
267.5 127.5 0.06994043909896107
267.5 132.5 0.04518111004594589
267.5 137.5 0.029255719996272394
267.5 142.5 0.0198291977365994
267.5 147.5 0.01676306356514133
267.5 152.5 0.01721469395099717
267.5 157.5 0.01729871169226689
267.5 162.5 0.016543874095519977
267.5 167.5 0.016365540871281743
267.5 172.5 0.019036607186049333
267.5 177.5 0.02538747248331098
272.5 2.5 0.07478870057220915
272.5 7.5 0.0844923424773162
272.5 12.5 0.08689419301992514
272.5 17.5 0.08712059162360986
272.5 22.5 0.08391629278750166
272.5 27.5 0.07752138014031597
272.5 32.5 0.07022424569540257
272.5 37.5 0.06617478691518322
272.5 42.5 0.06940446674969156
272.5 47.5 0.08342992457074565
272.5 52.5 0.10501251898848482
272.5 57.5 0.13157812595089433
272.5 62.5 0.1626872978963097
272.5 67.5 0.20113917517109486
272.5 72.5 0.25729341139981604
272.5 77.5 0.31239186098891786
272.5 82.5 0.3480313187432966
272.5 87.5 0.3521608210494042
272.5 92.5 0.3205498993159808
272.5 97.5 0.300977645927355
272.5 102.5 0.2977811234116225
272.5 107.5 0.2902746291267577
272.5 112.5 0.2718947856382287
272.5 117.5 0.24249767226708474
272.5 122.5 0.19252313330014753
272.5 127.5 0.13646971162011085
272.5 132.5 0.08862484520129103
272.5 137.5 0.05663740782876339
272.5 142.5 0.039775452251244965
272.5 147.5 0.033194865408292105
272.5 152.5 0.033201344237177986
272.5 157.5 0.03407991995875379
272.5 162.5 0.03502873982398802
272.5 167.5 0.040270847579051916
272.5 172.5 0.05130572516744523
272.5 177.5 0.06589454453659742
277.5 2.5 0.1376270755935705
277.5 7.5 0.14051914123168083
277.5 12.5 0.1265832683757491
277.5 17.5 0.11371325853335926
277.5 22.5 0.10136857755362114
277.5 27.5 0.0896502721614403
277.5 32.5 0.07817827382837156
277.5 37.5 0.07149931312213186
277.5 42.5 0.07316691448328339
277.5 47.5 0.08820626671081505
277.5 52.5 0.114740812906591
277.5 57.5 0.15413686335563642
277.5 62.5 0.21434805285057904
277.5 67.5 0.31543126690090834
277.5 72.5 0.45160262222817066
277.5 77.5 0.5878813503869588
277.5 82.5 0.6956242984476271
277.5 87.5 0.7283382515108181
277.5 92.5 0.688142769141171
277.5 97.5 0.639554728939707
277.5 102.5 0.6214460013154002
277.5 107.5 0.6105158074721379
277.5 112.5 0.5590582519455322
277.5 117.5 0.4650965780069584
277.5 122.5 0.35099978838008095
277.5 127.5 0.24541281944359208
277.5 132.5 0.16441765022456814
277.5 137.5 0.10843381810422745
277.5 142.5 0.07978698950814948
277.5 147.5 0.06861232699486665
277.5 152.5 0.06820306291051959
277.5 157.5 0.069933709959494
277.5 162.5 0.07780093782613773
277.5 167.5 0.09396903141539883
277.5 172.5 0.11617129296233487
277.5 177.5 0.13655612089937205
282.5 2.5 0.19803755099451664
282.5 7.5 0.18551998479585388
282.5 12.5 0.15145919849814546
282.5 17.5 0.12288332005194227
282.5 22.5 0.10205449215851732
282.5 27.5 0.08623486869568868
282.5 32.5 0.07297786919876281
282.5 37.5 0.06463863694253236
282.5 42.5 0.06442151379062412
282.5 47.5 0.07665971588770748
282.5 52.5 0.10234391789008389
282.5 57.5 0.14731612199390048
282.5 62.5 0.23436918798156586
282.5 67.5 0.4080634236903099
282.5 72.5 0.6694852853219833
282.5 77.5 0.9848609381174723
282.5 82.5 1.2737633882793256
282.5 87.5 1.4189744336857524
282.5 92.5 1.3817530454318665
282.5 97.5 1.2686141807407796
282.5 102.5 1.144888086036014
282.5 107.5 1.0737583212910338
282.5 112.5 0.9854027210126316
282.5 117.5 0.7904916911457174
282.5 122.5 0.5636595371377174
282.5 127.5 0.37911555810852854
282.5 132.5 0.2592341996258613
282.5 137.5 0.1868765289769016
282.5 142.5 0.14781194963932012
282.5 147.5 0.13504651605740595
282.5 152.5 0.13602319570251542
282.5 157.5 0.14660799699874008
282.5 162.5 0.1690180832856937
282.5 167.5 0.19602369392256405
282.5 172.5 0.2168100136970066
282.5 177.5 0.22265676530690934
287.5 2.5 0.22382528067567917
287.5 7.5 0.19133790111174834
287.5 12.5 0.14473175541476252
287.5 17.5 0.10780402813591786
287.5 22.5 0.08412210266363368
287.5 27.5 0.06857733808197367
287.5 32.5 0.05627571163571363
287.5 37.5 0.04850686345153414
287.5 42.5 0.04704195191035303
287.5 47.5 0.053716919939754984
287.5 52.5 0.07284062255133568
287.5 57.5 0.11066056480463879
287.5 62.5 0.19921691030559827
287.5 67.5 0.41177591457840285
287.5 72.5 0.7877103587319682
287.5 77.5 1.3668477044024743
287.5 82.5 2.042039909416919
287.5 87.5 2.3739198873908687
287.5 92.5 2.3833465943789323
287.5 97.5 2.2364418016104657
287.5 102.5 1.921220571687137
287.5 107.5 1.659633391969146
287.5 112.5 1.4556527507301233
287.5 117.5 1.1451160364505446
287.5 122.5 0.8041847005498654
287.5 127.5 0.5301361452590122
287.5 132.5 0.3662143461524621
287.5 137.5 0.28590737586551085
287.5 142.5 0.24974755012524655
287.5 147.5 0.2446285727011154
287.5 152.5 0.25867710178447806
287.5 157.5 0.2852445903997708
287.5 162.5 0.3140456839983591
287.5 167.5 0.32694632093456744
287.5 172.5 0.31509069822782676
287.5 177.5 0.28184022360502936
292.5 2.5 0.19519791711248072
292.5 7.5 0.15247276894065526
292.5 12.5 0.10755870719810298
292.5 17.5 0.07430510346887391
292.5 22.5 0.05531836747429542
292.5 27.5 0.04445109203027805
292.5 32.5 0.03542723090543044
292.5 37.5 0.029947367145986285
292.5 42.5 0.028387254025045914
292.5 47.5 0.030688351576862963
292.5 52.5 0.04090753582743003
292.5 57.5 0.06479120648716949
292.5 62.5 0.12627936040497928
292.5 67.5 0.30953252938411097
292.5 72.5 0.7461897461516301
292.5 77.5 1.6024997201648643
292.5 82.5 2.7337030381721417
292.5 87.5 3.224244853568452
292.5 92.5 3.3133580556484645
292.5 97.5 3.314208989964833
292.5 102.5 2.8246409620492345
292.5 107.5 2.286410809258212
292.5 112.5 1.884382141413064
292.5 117.5 1.4433002998821045
292.5 122.5 0.9890571952641768
292.5 127.5 0.6594052452481325
292.5 132.5 0.47686148050879423
292.5 137.5 0.3986395654282255
292.5 142.5 0.37379161586145343
292.5 147.5 0.3777600943101637
292.5 152.5 0.3996897881929068
292.5 157.5 0.424779107513329
292.5 162.5 0.42973852036150595
292.5 167.5 0.40183967576179025
292.5 172.5 0.3457389146180834
292.5 177.5 0.27262672861491366
297.5 2.5 0.12675470189426785
297.5 7.5 0.09245844848382266
297.5 12.5 0.06174065084541938
297.5 17.5 0.040420956312434635
297.5 22.5 0.029599785806913484
297.5 27.5 0.023070934272643298
297.5 32.5 0.01812900106181728
297.5 37.5 0.014832556924352317
297.5 42.5 0.013791300241326984
297.5 47.5 0.01464829110131478
297.5 52.5 0.018270627591385567
297.5 57.5 0.03127531370048977
297.5 62.5 0.06731014145088335
297.5 67.5 0.19413672320676226
297.5 72.5 0.5932017451203363
297.5 77.5 1.5321261870215408
297.5 82.5 2.824189830780276
297.5 87.5 3.3508818411873005
297.5 92.5 3.509253274510325
297.5 97.5 3.7824614134232957
297.5 102.5 3.3120676220886183
297.5 107.5 2.6129408778844554
297.5 112.5 2.0694609931712376
297.5 117.5 1.5360547915588671
297.5 122.5 1.0245612613412736
297.5 127.5 0.6895071757596493
297.5 132.5 0.531300332075458
297.5 137.5 0.4692428222113316
297.5 142.5 0.4476636249813993
297.5 147.5 0.4432714591423732
297.5 152.5 0.4484136802319611
297.5 157.5 0.44733826621546713
297.5 162.5 0.4207789551633313
297.5 167.5 0.35941494808161045
297.5 172.5 0.2779260959657607
297.5 177.5 0.19469524522776924
302.5 2.5 0.06311586467127744
302.5 7.5 0.0445053217789865
302.5 12.5 0.02889083066328816
302.5 17.5 0.018864081646654512
302.5 22.5 0.013227203040882108
302.5 27.5 0.009701514565332569
302.5 32.5 0.007387045633022625
302.5 37.5 0.006012217361309363
302.5 42.5 0.005457961712087135
302.5 47.5 0.005771112947225478
302.5 52.5 0.007214216875048694
302.5 57.5 0.014828670970970757
302.5 62.5 0.04085946793729152
302.5 67.5 0.1228501303383834
302.5 72.5 0.3973650938676739
302.5 77.5 1.070088133640509
302.5 82.5 1.9718643649683185
302.5 87.5 2.3599874849455773
302.5 92.5 2.6034621518352834
302.5 97.5 2.957629763781463
302.5 102.5 2.7224872933494484
302.5 107.5 2.212200469360327
302.5 112.5 1.8005712977444823
302.5 117.5 1.3463521102279747
302.5 122.5 0.88555631935429
302.5 127.5 0.5888908932908633
302.5 132.5 0.47507612856453796
302.5 137.5 0.43441978143965165
302.5 142.5 0.40435507284059774
302.5 147.5 0.3810098769731753
302.5 152.5 0.36079102292404064
302.5 157.5 0.33358994696378813
302.5 162.5 0.29142083566228244
302.5 167.5 0.22906694100716174
302.5 172.5 0.15958500624319494
302.5 177.5 0.10067268494163092
307.5 2.5 0.02523383428157093
307.5 7.5 0.016550306758106443
307.5 12.5 0.01082438483040009
307.5 17.5 0.007304521885872359
307.5 22.5 0.004969153667576892
307.5 27.5 0.0034181378572073176
307.5 32.5 0.0026186340227633328
307.5 37.5 0.0022126126710118672
307.5 42.5 0.0019537470339883794
307.5 47.5 0.0020688235553276545
307.5 52.5 0.003281464070872941
307.5 57.5 0.009714290740293502
307.5 62.5 0.02782432801896096
307.5 67.5 0.07904213911072858
307.5 72.5 0.22325181082971438
307.5 77.5 0.5260674301826772
307.5 82.5 0.9051665704773814
307.5 87.5 1.1069849120686106
307.5 92.5 1.3032597600020237
307.5 97.5 1.5448669037231126
307.5 102.5 1.5237236522831163
307.5 107.5 1.3578990912068831
307.5 112.5 1.2098987135099433
307.5 117.5 0.9492109044251477
307.5 122.5 0.6365509674663822
307.5 127.5 0.4275288188768119
307.5 132.5 0.3485261101650526
307.5 137.5 0.31086920886511055
307.5 142.5 0.2737884360977411
307.5 147.5 0.23988035439158686
307.5 152.5 0.21085774892982798
307.5 157.5 0.18056338681452783
307.5 162.5 0.14526646331812174
307.5 167.5 0.1060014770131601
307.5 172.5 0.06934221389751068
307.5 177.5 0.0413935782337772
312.5 2.5 0.00857890697271741
312.5 7.5 0.004925731572325835
312.5 12.5 0.003065910380532247
312.5 17.5 0.0021091369615548147
312.5 22.5 0.001422406438445327
312.5 27.5 0.0010440383394127017
312.5 32.5 9.251439622355216E-4
312.5 37.5 8.451664654960791E-4
312.5 42.5 8.114898521653446E-4
312.5 47.5 9.282380509718557E-4
312.5 52.5 0.001780412385308593
312.5 57.5 0.006638649248487987
312.5 62.5 0.01874517943051128
312.5 67.5 0.04524985064392297
312.5 72.5 0.108255733165954
312.5 77.5 0.21522430046248717
312.5 82.5 0.32182190219762263
312.5 87.5 0.3948513913264697
312.5 92.5 0.480195481096671
312.5 97.5 0.5943803044982404
312.5 102.5 0.6397609304173122
312.5 107.5 0.6432398121090224
312.5 112.5 0.6445424364508383
312.5 117.5 0.5546843186129031
312.5 122.5 0.4016737409088215
312.5 127.5 0.27624035616697895
312.5 132.5 0.21142835820773329
312.5 137.5 0.1750779610035068
312.5 142.5 0.14313813581426046
312.5 147.5 0.11855065453484535
312.5 152.5 0.09683727148053779
312.5 157.5 0.07855045136512444
312.5 162.5 0.060693788438295086
312.5 167.5 0.043418645646882914
312.5 172.5 0.027724194631830977
312.5 177.5 0.01573753104052368
317.5 2.5 0.0032682332310617285
317.5 7.5 0.0016332446365049662
317.5 12.5 8.357348129064579E-4
317.5 17.5 4.1651784404239716E-4
317.5 22.5 2.6010818794914426E-4
317.5 27.5 3.3214660507759926E-4
317.5 32.5 4.0944950290882346E-4
317.5 37.5 4.662560064411572E-4
317.5 42.5 5.203825598118091E-4
317.5 47.5 6.365334650440379E-4
317.5 52.5 9.980198999964087E-4
317.5 57.5 0.0033094067682865524
317.5 62.5 0.01010312463775116
317.5 67.5 0.021703273032542693
317.5 72.5 0.04254978438362818
317.5 77.5 0.07668024419438418
317.5 82.5 0.10743532727146232
317.5 87.5 0.12824454345834704
317.5 92.5 0.15566414131709205
317.5 97.5 0.2000559390740828
317.5 102.5 0.2377806259355815
317.5 107.5 0.27113290727388495
317.5 112.5 0.30073846810117044
317.5 117.5 0.2883542540531842
317.5 122.5 0.22287088669317828
317.5 127.5 0.15506331254336272
317.5 132.5 0.10661585233142123
317.5 137.5 0.08139041041012128
317.5 142.5 0.06603169664351262
317.5 147.5 0.05232664849626471
317.5 152.5 0.04137553188952808
317.5 157.5 0.033895742709237134
317.5 162.5 0.026293351610297465
317.5 167.5 0.018148410914333415
317.5 172.5 0.011203785544618658
317.5 177.5 0.006260322658569245
322.5 2.5 0.0012273131931205604
322.5 7.5 5.645194199961021E-4
322.5 12.5 2.16942531808115E-4
322.5 17.5 6.139839028156891E-5
322.5 22.5 5.92957498989023E-5
322.5 27.5 1.2519803961564107E-4
322.5 32.5 2.247320245375653E-4
322.5 37.5 3.386961016893173E-4
322.5 42.5 4.466938748588645E-4
322.5 47.5 5.352445407743155E-4
322.5 52.5 6.792242164491524E-4
322.5 57.5 0.0013746765931352235
322.5 62.5 0.004173293820468457
322.5 67.5 0.00903372599742259
322.5 72.5 0.01509101124297337
322.5 77.5 0.022350150696853362
322.5 82.5 0.030746515950901353
322.5 87.5 0.041297531054682715
322.5 92.5 0.057605072008433574
322.5 97.5 0.07543421494899298
322.5 102.5 0.09378130935053602
322.5 107.5 0.11488273216353286
322.5 112.5 0.13279510365519254
322.5 117.5 0.12880213710524857
322.5 122.5 0.1047371382733703
322.5 127.5 0.07402611871376019
322.5 132.5 0.04902059929177165
322.5 137.5 0.03521150988172301
322.5 142.5 0.028679668628999802
322.5 147.5 0.023114930350106238
322.5 152.5 0.018473432674405744
322.5 157.5 0.014535852137381856
322.5 162.5 0.010517530872214305
322.5 167.5 0.0068600402724065855
322.5 172.5 0.004099180443401441
322.5 177.5 0.0023111316128154543
327.5 2.5 3.7806349045700757E-4
327.5 7.5 1.909402148643834E-4
327.5 12.5 1.0083894530020672E-4
327.5 17.5 5.036609371876625E-5
327.5 22.5 5.2511940829295736E-5
327.5 27.5 1.0687631386347857E-4
327.5 32.5 1.929755982730479E-4
327.5 37.5 2.9295618076171786E-4
327.5 42.5 3.9042882093212513E-4
327.5 47.5 4.7934827519780995E-4
327.5 52.5 5.958331163620978E-4
327.5 57.5 9.28450581877941E-4
327.5 62.5 0.0017616365400501303
327.5 67.5 0.003646898565006023
327.5 72.5 0.00610597679524115
327.5 77.5 0.00901142355652643
327.5 82.5 0.012592713098495913
327.5 87.5 0.017913201561678284
327.5 92.5 0.02432116740557682
327.5 97.5 0.0296004125287447
327.5 102.5 0.03675680327543277
327.5 107.5 0.04595895319098189
327.5 112.5 0.05238746260696422
327.5 117.5 0.05151479271184036
327.5 122.5 0.04346114129798188
327.5 127.5 0.03168833146515457
327.5 132.5 0.01968595378655288
327.5 137.5 0.01329550595151271
327.5 142.5 0.011087140852294713
327.5 147.5 0.00964926908736878
327.5 152.5 0.007824209592792975
327.5 157.5 0.005745854106861733
327.5 162.5 0.003618743480189886
327.5 167.5 0.0020425342579535725
327.5 172.5 0.0011491995313550995
327.5 177.5 6.823556135064177E-4
332.5 2.5 2.2113421628669456E-4
332.5 7.5 1.452551119914198E-4
332.5 12.5 7.809212639774665E-5
332.5 17.5 3.62689574816983E-5
332.5 22.5 4.578520501518453E-5
332.5 27.5 1.0245137006041929E-4
332.5 32.5 1.7862381657628146E-4
332.5 37.5 2.6301203467185005E-4
332.5 42.5 3.4760122576854953E-4
332.5 47.5 4.33369653402779E-4
332.5 52.5 5.311941751884043E-4
332.5 57.5 7.297984711937154E-4
332.5 62.5 0.0011548413626676904
332.5 67.5 0.002034012261359419
332.5 72.5 0.003352666307238011
332.5 77.5 0.004858971917961987
332.5 82.5 0.006520164078858474
332.5 87.5 0.008535191206883919
332.5 92.5 0.010870085725573098
332.5 97.5 0.01344465917877557
332.5 102.5 0.015816084294434707
332.5 107.5 0.018494118073465356
332.5 112.5 0.020551179475041034
332.5 117.5 0.02079590326399856
332.5 122.5 0.01785655500349048
332.5 127.5 0.012238545685540468
332.5 132.5 0.007539683308934431
332.5 137.5 0.005532065030012651
332.5 142.5 0.004770848501410244
332.5 147.5 0.004196072775765706
332.5 152.5 0.0033699994144191477
332.5 157.5 0.0022113342171984837
332.5 162.5 0.0012042549424498127
332.5 167.5 6.547925461028091E-4
332.5 172.5 4.5725188293013E-4
332.5 177.5 3.259268331230858E-4
337.5 2.5 1.6754157683888685E-4
337.5 7.5 1.0473256580876219E-4
337.5 12.5 5.0841266527092595E-5
337.5 17.5 1.8861656673398114E-5
337.5 22.5 3.4901259133177166E-5
337.5 27.5 8.829324804315802E-5
337.5 32.5 1.585863420366835E-4
337.5 37.5 2.372251542373692E-4
337.5 42.5 3.147409385669616E-4
337.5 47.5 3.954281111158257E-4
337.5 52.5 4.8665056416999526E-4
337.5 57.5 6.004956281087636E-4
337.5 62.5 8.152767446338594E-4
337.5 67.5 0.001197132832203291
337.5 72.5 0.0018481409147852266
337.5 77.5 0.002632342284256157
337.5 82.5 0.0034184872733223296
337.5 87.5 0.004214876079601465
337.5 92.5 0.0051146675804486065
337.5 97.5 0.00586121582942099
337.5 102.5 0.006603327833505628
337.5 107.5 0.007493584481051484
337.5 112.5 0.00814066511541778
337.5 117.5 0.00809037000583517
337.5 122.5 0.006730081043509712
337.5 127.5 0.004752886455004035
337.5 132.5 0.0031770937658054544
337.5 137.5 0.002414053599389434
337.5 142.5 0.0021090145279673315
337.5 147.5 0.0017942943282162624
337.5 152.5 0.0013425711081929642
337.5 157.5 8.793408272392631E-4
337.5 162.5 5.523696971280518E-4
337.5 167.5 3.862365440558636E-4
337.5 172.5 2.8973500881329927E-4
337.5 177.5 2.3029357416497496E-4
342.5 2.5 1.1079955448690224E-4
342.5 7.5 6.301816062520252E-5
342.5 12.5 2.478248546087067E-5
342.5 17.5 4.426243422544445E-6
342.5 22.5 2.271850171087472E-5
342.5 27.5 6.670449375486615E-5
342.5 32.5 1.2733742971188507E-4
342.5 37.5 1.9670448686984847E-4
342.5 42.5 2.6595671056911773E-4
342.5 47.5 3.3754742889957596E-4
342.5 52.5 4.2106981617855924E-4
342.5 57.5 5.064759935980175E-4
342.5 62.5 6.027166827895324E-4
342.5 67.5 7.460095960072117E-4
342.5 72.5 9.707168648673741E-4
342.5 77.5 0.0012858785688917374
342.5 82.5 0.0015988158388276536
342.5 87.5 0.0018715652003683271
342.5 92.5 0.002257296155657916
342.5 97.5 0.0027978261979246877
342.5 102.5 0.003266124526271297
342.5 107.5 0.003523031299963339
342.5 112.5 0.00358159553528841
342.5 117.5 0.003207496043436429
342.5 122.5 0.0024670540860870106
342.5 127.5 0.0016563310305135598
342.5 132.5 0.0011808886426678672
342.5 137.5 0.00105618021612171
342.5 142.5 9.213831106249936E-4
342.5 147.5 7.681689309261563E-4
342.5 152.5 5.815778323135913E-4
342.5 157.5 4.404683971722323E-4
342.5 162.5 3.279105830889446E-4
342.5 167.5 2.5199450584020085E-4
342.5 172.5 2.0361807607236081E-4
342.5 177.5 1.602525068417933E-4
347.5 2.5 5.8987064973672096E-5
347.5 7.5 2.745300198165501E-5
347.5 12.5 6.011645107670387E-6
347.5 17.5 0.0
347.5 22.5 1.0224311940019438E-5
347.5 27.5 4.190580987922519E-5
347.5 32.5 8.985983243936403E-5
347.5 37.5 1.4743797804052448E-4
347.5 42.5 2.0920567346273937E-4
347.5 47.5 2.710589299829909E-4
347.5 52.5 3.4306285655840205E-4
347.5 57.5 4.163723071798202E-4
347.5 62.5 4.821379302506286E-4
347.5 67.5 5.354962619187423E-4
347.5 72.5 5.918018234557323E-4
347.5 77.5 7.069124652258165E-4
347.5 82.5 8.53912532884611E-4
347.5 87.5 0.0010222233671444273
347.5 92.5 0.0012191853963330885
347.5 97.5 0.001462424467603366
347.5 102.5 0.0016733046660006125
347.5 107.5 0.0017136166760764653
347.5 112.5 0.0015056382162969288
347.5 117.5 0.0011337246089797965
347.5 122.5 7.41563674337068E-4
347.5 127.5 5.062362136835673E-4
347.5 132.5 4.4024565278167835E-4
347.5 137.5 4.0439010265894116E-4
347.5 142.5 3.6333295450473237E-4
347.5 147.5 3.079918740491122E-4
347.5 152.5 2.54856829102203E-4
347.5 157.5 2.1297437096155585E-4
347.5 162.5 1.751733005245124E-4
347.5 167.5 1.4876298816483534E-4
347.5 172.5 1.258092529288991E-4
347.5 177.5 9.398267233425821E-5
352.5 2.5 2.0213821844966306E-5
352.5 7.5 4.947920956131171E-6
352.5 12.5 0.0
352.5 17.5 0.0
352.5 22.5 1.5657808021856685E-6
352.5 27.5 1.9208710463600175E-5
352.5 32.5 5.9680569038988934E-5
352.5 37.5 1.1685543248352819E-4
352.5 42.5 1.7790604825245666E-4
352.5 47.5 2.3243306950072027E-4
352.5 52.5 2.896533163082358E-4
352.5 57.5 3.4566002367405075E-4
352.5 62.5 3.928475492724431E-4
352.5 67.5 4.3325971391233086E-4
352.5 72.5 4.657925006244465E-4
352.5 77.5 4.99515609013654E-4
352.5 82.5 5.728476769247456E-4
352.5 87.5 6.60002657997816E-4
352.5 92.5 7.551524678794963E-4
352.5 97.5 8.480478311811244E-4
352.5 102.5 8.984676283035473E-4
352.5 107.5 8.749200974998845E-4
352.5 112.5 7.545125659710899E-4
352.5 117.5 5.712735033845756E-4
352.5 122.5 3.965655502433165E-4
352.5 127.5 2.8281676953765866E-4
352.5 132.5 2.0483968188533453E-4
352.5 137.5 1.4670577802412647E-4
352.5 142.5 1.0710062022947923E-4
352.5 147.5 8.812744448676142E-5
352.5 152.5 8.572995828041935E-5
352.5 157.5 8.30398379417042E-5
352.5 162.5 8.261453651546718E-5
352.5 167.5 7.584910517987567E-5
352.5 172.5 6.074096723097458E-5
352.5 177.5 4.062028948351926E-5
357.5 2.5 1.1527848610369309E-6
357.5 7.5 0.0
357.5 12.5 0.0
357.5 17.5 0.0
357.5 22.5 6.662539118406029E-7
357.5 27.5 1.7804042950888815E-5
357.5 32.5 6.133569344534874E-5
357.5 37.5 1.2002178633029533E-4
357.5 42.5 1.8060041010790556E-4
357.5 47.5 2.3223155747235192E-4
357.5 52.5 2.766666138864551E-4
357.5 57.5 3.2418404334899164E-4
357.5 62.5 3.785392931228361E-4
357.5 67.5 4.2598213652268773E-4
357.5 72.5 4.7185341921041703E-4
357.5 77.5 5.07848197679782E-4
357.5 82.5 5.38796164406539E-4
357.5 87.5 5.794507476665204E-4
357.5 92.5 6.189195541609085E-4
357.5 97.5 6.402120133241074E-4
357.5 102.5 6.235991915654628E-4
357.5 107.5 5.69144799763568E-4
357.5 112.5 4.925471502118801E-4
357.5 117.5 4.1071954650874216E-4
357.5 122.5 3.3060735605891457E-4
357.5 127.5 2.474056023929872E-4
357.5 132.5 1.6745570969795996E-4
357.5 137.5 9.019403675021116E-5
357.5 142.5 3.360893783119378E-5
357.5 147.5 1.3041525664810728E-5
357.5 152.5 2.016018720525612E-5
357.5 157.5 2.6466117529702655E-5
357.5 162.5 2.808277852129983E-5
357.5 167.5 2.4492942001662972E-5
357.5 172.5 1.6857645695000842E-5
357.5 177.5 7.833732122839866E-6
