1412 1979
3 12
5 12
3 16
12 16
3 17
12 17
14 17
5 18
12 18
14 18
12 25
14 25
17 25
18 25
5 27
17 27
27 29
4 30
5 30
25 30
27 30
27 44
27 45
29 45
27 47
29 47
30 47
27 48
29 48
30 48
29 53
30 53
40 53
41 53
45 53
47 53
48 53
30 56
53 56
55 56
53 57
55 57
25 64
30 64
53 64
56 64
57 64
25 67
64 67
14 68
25 68
27 68
29 68
64 68
66 68
67 68
14 72
18 72
25 72
30 72
14 73
67 73
38 78
53 78
55 78
64 78
67 78
68 78
38 81
64 81
66 81
78 81
38 83
64 83
67 83
73 83
78 83
80 83
16 84
17 84
18 84
38 84
64 84
78 84
80 84
81 84
18 85
38 85
64 85
67 85
80 85
81 85
38 92
55 92
78 92
81 92
84 92
85 92
81 94
55 95
78 95
92 95
55 96
78 96
81 96
92 96
94 96
53 100
55 100
81 100
95 100
41 101
53 101
55 101
81 101
92 101
94 101
95 101
81 106
94 106
95 106
96 106
94 108
95 116
109 116
94 121
106 121
109 121
80 124
106 124
121 124
66 131
108 131
124 131
121 136
123 136
124 136
123 139
136 139
136 140
136 141
139 141
139 143
136 156
138 156
139 156
140 156
141 156
140 158
156 159
156 160
158 160
80 161
85 161
124 161
124 169
161 169
140 177
158 177
159 177
140 179
158 181
177 181
141 182
143 182
158 182
177 182
179 182
141 183
143 183
158 183
177 183
179 183
177 190
179 190
181 190
182 190
183 190
179 192
183 192
179 193
190 193
190 195
192 195
192 196
193 196
190 197
192 197
193 197
192 204
193 204
195 204
196 204
197 204
182 206
195 206
192 207
204 207
204 208
206 208
192 215
195 215
196 215
197 215
204 215
207 215
215 223
217 223
218 223
196 227
223 227
225 228
196 229
197 229
215 229
217 229
223 229
225 229
223 236
225 236
227 236
228 236
229 236
225 238
228 238
228 239
238 243
239 243
227 249
229 249
236 249
238 249
243 251
244 251
223 257
227 257
228 257
229 257
236 257
249 257
257 261
259 261
260 261
259 262
261 262
261 263
217 271
218 271
223 271
217 273
259 273
217 274
259 279
257 280
259 280
260 280
261 280
259 281
260 281
261 281
217 286
218 286
223 286
229 286
271 286
273 286
274 286
279 286
229 288
229 290
271 290
286 290
223 291
286 291
217 292
223 292
229 292
271 292
273 292
286 292
288 292
286 299
288 299
291 299
292 299
292 301
299 303
301 303
301 304
292 310
301 310
303 310
304 310
292 313
310 313
310 318
312 318
313 318
312 321
318 321
320 321
313 328
318 328
320 328
321 328
321 331
328 331
321 332
328 332
330 332
330 333
331 334
328 340
330 340
331 340
332 340
340 343
331 347
340 347
343 347
331 348
182 357
182 358
292 358
342 363
182 365
330 365
332 365
340 365
342 365
197 372
193 374
195 374
196 374
197 374
193 375
197 375
197 378
355 378
355 379
193 381
197 381
292 381
355 381
358 381
182 382
190 382
193 382
292 382
355 382
357 382
358 382
190 387
358 387
372 387
177 389
179 389
182 389
183 389
190 389
179 390
182 390
372 390
179 391
182 391
372 391
387 391
389 391
390 391
156 398
159 398
179 398
182 398
183 398
190 398
387 398
389 398
390 398
391 398
389 402
156 403
158 403
159 403
160 403
177 403
389 403
398 403
400 405
159 406
398 406
400 406
402 406
403 406
398 411
400 411
402 411
403 411
405 411
406 411
136 413
139 413
156 413
403 413
405 413
138 414
139 414
156 414
411 414
138 419
139 419
411 419
413 419
414 419
81 422
84 422
85 422
94 422
106 422
419 422
80 423
81 423
84 423
85 423
403 423
413 423
419 423
421 423
84 424
85 424
403 424
84 432
403 432
405 432
406 432
424 432
419 440
421 440
422 440
423 440
421 442
94 443
106 443
421 443
96 448
440 448
442 448
443 448
442 451
443 451
448 451
450 451
442 452
448 452
450 452
451 452
448 459
451 459
452 459
459 461
452 463
459 463
461 463
461 464
462 464
462 465
463 465
96 471
101 471
459 471
462 471
463 471
81 473
92 473
96 473
422 473
423 473
440 473
38 475
471 475
38 477
84 477
85 477
92 477
422 477
423 477
424 477
432 477
471 477
473 477
474 477
475 477
423 482
440 482
442 482
443 482
448 482
459 482
461 482
471 482
477 482
462 484
440 485
448 485
471 485
482 485
462 486
482 486
484 486
482 488
486 488
482 493
484 493
485 493
486 493
488 493
411 495
421 495
423 495
440 495
493 497
423 498
495 498
423 500
424 500
493 500
495 500
498 500
423 501
424 501
432 501
493 501
495 501
497 501
411 506
421 506
440 506
495 506
497 506
498 506
500 506
488 508
497 508
498 508
495 509
506 509
498 514
506 514
508 514
509 514
400 516
411 516
400 517
402 517
405 517
406 517
411 517
508 517
391 522
514 522
517 522
375 530
524 530
525 530
375 532
524 532
530 534
196 536
197 536
403 536
406 536
534 536
530 541
533 541
541 544
524 549
530 549
533 549
541 549
544 549
544 552
549 552
549 556
551 556
544 557
549 557
551 557
552 557
549 562
551 562
552 562
524 564
525 564
530 564
524 565
551 565
562 565
524 566
525 566
562 566
564 566
562 567
564 567
565 567
514 582
524 582
530 582
564 582
565 582
566 582
567 582
569 582
564 584
514 586
524 586
530 586
564 586
582 586
584 586
405 587
406 587
516 587
517 587
524 587
530 587
534 587
536 587
402 595
405 595
406 595
516 595
517 595
584 603
585 603
586 603
497 605
498 605
508 605
514 605
584 605
585 605
488 606
493 606
508 606
584 606
603 606
605 606
488 611
493 611
495 611
497 611
498 611
500 611
508 611
586 611
605 611
606 611
488 613
613 619
614 619
486 621
488 621
619 622
619 623
621 623
474 630
477 630
485 630
488 630
493 630
497 630
500 630
501 630
611 630
619 630
621 630
622 630
623 630
474 632
477 632
500 632
501 632
474 633
475 633
477 633
493 633
497 633
498 633
500 633
501 633
477 638
501 638
632 638
475 640
477 640
632 641
638 641
640 642
640 643
641 644
475 650
640 650
642 650
643 650
640 652
48 653
475 653
477 653
638 653
640 653
650 653
27 655
29 655
44 655
48 655
12 656
25 656
650 656
16 657
17 657
18 657
27 657
38 657
41 657
44 657
45 657
47 657
48 657
475 657
477 657
652 657
653 657
652 664
653 664
656 664
657 664
652 666
642 667
643 667
644 667
652 667
664 667
657 672
664 672
675 680
17 685
655 685
656 685
657 685
664 685
672 685
674 685
675 685
5 687
657 687
5 688
12 688
17 688
657 688
664 688
17 693
652 693
656 693
657 693
664 693
672 693
674 693
675 693
679 693
685 693
657 695
664 696
675 696
685 696
687 696
688 696
693 696
693 697
695 697
656 704
693 704
695 704
696 704
697 704
657 706
657 707
695 707
704 707
704 709
84 710
424 710
432 710
704 710
706 710
707 710
84 711
423 711
424 711
432 711
474 711
475 711
477 711
632 711
633 711
652 711
657 711
704 711
706 711
707 711
704 718
706 718
709 718
710 718
711 718
709 720
697 723
704 723
706 723
718 723
720 723
501 729
720 729
722 729
723 729
501 731
501 732
613 732
614 732
729 732
731 737
732 737
731 739
731 740
737 740
737 741
739 741
737 742
739 742
741 742
740 743
741 743
731 749
737 749
739 749
740 749
741 751
732 757
749 757
603 759
614 759
619 759
585 760
614 760
732 760
757 760
584 762
585 762
603 762
614 762
757 762
759 762
586 763
603 763
611 763
619 763
757 763
584 764
585 764
586 764
605 764
613 764
614 764
731 764
757 764
759 764
760 764
584 771
585 771
603 771
606 771
614 771
757 771
759 771
760 771
762 771
763 771
764 771
584 774
585 774
603 774
605 774
606 774
759 774
771 774
603 779
762 779
771 779
773 779
774 779
584 781
585 781
603 781
764 781
773 781
774 781
584 782
764 782
773 782
779 782
584 783
585 783
586 783
762 783
764 783
774 783
779 783
781 783
530 785
541 785
549 785
552 785
557 785
562 785
582 785
584 785
585 785
586 785
603 785
764 785
781 785
783 785
551 790
552 790
565 790
584 790
779 790
781 790
782 790
783 790
785 790
779 792
552 795
565 795
566 795
567 795
781 795
790 795
792 795
792 801
794 801
795 801
552 803
556 803
557 803
792 804
801 804
792 805
801 805
803 805
801 806
803 806
804 806
556 821
557 821
794 821
795 821
801 821
803 821
804 821
803 824
821 824
801 825
821 825
823 825
551 827
562 827
567 827
795 827
825 827
556 832
821 832
823 832
824 832
825 832
827 832
824 834
832 835
832 836
834 836
556 838
823 838
832 838
836 838
832 843
834 843
835 843
836 843
838 843
545 846
834 846
843 846
544 847
545 847
846 851
846 854
851 854
845 859
846 859
851 859
854 859
854 861
853 862
854 862
859 862
862 867
861 880
861 881
861 883
862 883
859 884
861 884
862 884
862 889
866 889
876 889
877 889
880 889
881 889
883 889
884 889
866 892
867 892
889 892
228 893
292 893
889 893
891 893
227 897
228 897
229 897
288 897
291 897
292 897
299 897
227 898
228 898
229 898
288 898
291 898
292 898
891 898
893 898
874 903
889 903
892 903
893 903
544 905
541 906
543 906
544 906
846 906
862 906
903 906
862 908
866 908
867 908
903 908
312 909
313 909
378 909
381 909
382 909
543 909
544 909
846 909
862 909
866 909
867 909
903 909
905 909
906 909
312 910
313 910
375 910
378 910
379 910
381 910
382 910
532 910
543 910
544 910
862 910
866 910
867 910
903 910
905 910
544 917
846 917
874 917
889 917
903 917
906 917
908 917
909 917
910 917
544 919
544 920
906 920
917 920
834 924
836 924
843 924
874 924
832 925
838 925
843 925
920 925
905 930
917 930
920 930
917 933
920 933
930 933
932 933
930 934
932 934
933 934
905 941
917 941
930 941
933 941
536 943
532 944
533 944
534 944
905 944
941 944
943 946
196 947
534 947
941 947
943 947
944 947
196 948
375 948
382 948
893 948
897 948
898 948
905 948
941 948
944 948
785 955
919 955
941 955
944 955
947 955
948 955
533 957
534 957
785 957
785 958
919 958
955 958
785 965
932 965
941 965
943 965
955 965
958 965
957 967
965 968
932 972
965 973
967 973
943 978
947 978
955 978
957 978
965 978
968 978
965 980
968 980
536 982
947 982
978 982
943 983
978 983
980 983
536 989
943 989
947 989
965 989
978 989
982 989
983 989
983 991
534 993
536 993
982 993
983 993
989 993
533 994
534 994
536 994
785 994
955 994
957 994
978 994
989 994
991 994
534 996
536 996
587 996
595 996
989 996
994 996
534 997
536 997
587 997
595 997
989 997
991 997
993 997
785 1002
965 1002
967 1002
978 1002
980 1002
983 1002
989 1002
993 1002
994 1002
996 1002
762 1004
764 1004
785 1004
994 1004
996 1004
764 1005
785 1005
967 1005
994 1005
1002 1005
967 1010
978 1010
980 1010
994 1010
1002 1010
1005 1010
980 1013
1002 1013
1005 1013
1010 1013
1010 1014
1012 1014
983 1021
991 1021
997 1021
1002 1021
1004 1021
1010 1021
1013 1021
1014 1021
997 1023
983 1024
991 1024
997 1024
1021 1024
983 1025
991 1025
997 1025
1010 1025
1021 1025
1023 1025
991 1027
1021 1027
1023 1027
1025 1027
764 1032
991 1032
997 1032
1004 1032
1010 1032
1021 1032
1024 1032
1025 1032
720 1034
729 1034
1024 1034
710 1035
720 1035
729 1035
732 1035
1004 1035
1032 1035
732 1037
994 1037
996 1037
997 1037
1021 1037
498 1038
704 1038
706 1038
709 1038
710 1038
720 1038
729 1038
732 1038
1034 1038
1035 1038
595 1039
720 1039
729 1039
1021 1039
1024 1039
1032 1039
1034 1039
1035 1039
723 1046
764 1046
1004 1046
1012 1046
1032 1046
1034 1046
1035 1046
1037 1046
1038 1046
1039 1046
722 1048
723 1048
729 1048
764 1048
1012 1049
1046 1049
1012 1050
1046 1050
1048 1050
1046 1051
1048 1051
760 1052
764 1052
1048 1052
1049 1052
1051 1052
723 1058
1023 1058
1046 1058
1049 1058
1050 1058
1051 1058
723 1060
1058 1061
1060 1061
1023 1062
1046 1062
1058 1062
1060 1062
720 1069
723 1069
1034 1069
1038 1069
1039 1069
1046 1069
1062 1069
697 1071
704 1071
720 1071
723 1071
697 1072
704 1072
720 1072
723 1072
1038 1072
697 1077
704 1077
707 1077
718 1077
720 1077
723 1077
1034 1077
1039 1077
1069 1077
1071 1077
1072 1077
704 1080
1023 1080
1024 1080
1025 1080
1027 1080
1032 1080
1034 1080
1039 1080
1069 1080
1072 1080
1077 1080
1077 1085
1079 1085
695 1087
697 1087
704 1087
1085 1088
1080 1089
1085 1089
1087 1089
1088 1089
697 1093
1087 1093
696 1094
1085 1094
1087 1094
1089 1094
656 1099
657 1099
688 1099
695 1099
704 1099
1085 1099
1087 1099
1088 1099
1089 1099
1088 1101
657 1103
704 1103
1087 1103
1099 1103
18 1104
84 1104
657 1104
688 1104
704 1104
1099 1104
1101 1104
84 1105
657 1105
688 1105
693 1105
704 1105
706 1105
707 1105
1085 1105
1087 1105
1099 1105
1101 1105
18 1112
1099 1112
1101 1112
1103 1112
1104 1112
1105 1112
1104 1114
1101 1115
1112 1115
14 1122
17 1122
18 1122
1104 1122
1112 1122
1114 1122
1115 1122
18 1124
14 1125
68 1125
85 1125
1122 1125
1122 1127
1124 1127
73 1128
85 1128
161 1128
169 1128
1124 1128
1125 1128
67 1129
68 1129
73 1129
80 1129
85 1129
161 1129
169 1129
1122 1129
1124 1129
1125 1129
18 1136
1124 1136
1125 1136
1127 1136
1128 1136
1129 1136
1124 1138
1129 1138
1124 1140
1136 1140
1124 1141
1136 1141
1138 1141
1128 1147
1136 1147
1138 1147
1140 1147
1141 1147
1138 1149
1141 1149
1138 1150
1140 1150
1141 1150
1147 1150
1128 1155
1138 1155
1140 1155
1141 1155
1147 1155
1150 1155
1128 1157
1150 1157
1150 1158
1155 1158
1150 1162
1150 1163
1155 1163
1157 1163
1158 1163
1128 1168
1136 1168
1140 1168
1147 1168
1149 1168
1150 1168
1158 1168
1128 1170
1155 1170
1157 1170
1136 1171
1140 1171
1155 1171
1168 1171
1168 1172
1170 1172
1140 1176
1141 1176
1170 1176
1171 1176
1171 1177
160 1182
1124 1182
1125 1182
1128 1182
1168 1182
1170 1182
1171 1182
1172 1182
159 1185
160 1185
169 1185
1128 1185
1170 1185
1182 1185
403 1187
1184 1187
85 1188
159 1188
160 1188
403 1188
406 1188
424 1188
432 1188
1104 1188
1128 1188
1129 1188
1182 1188
1184 1188
1185 1188
85 1189
161 1189
169 1189
424 1189
432 1189
1101 1189
1103 1189
1104 1189
1112 1189
1114 1189
1124 1189
1125 1189
1128 1189
1129 1189
1182 1189
1184 1189
1185 1189
1104 1196
1112 1196
1114 1196
1115 1196
1124 1196
1125 1196
1128 1196
1136 1196
1182 1196
1184 1196
1185 1196
1187 1196
1188 1196
1189 1196
1112 1200
1115 1200
1196 1200
1115 1201
1196 1201
1198 1201
1198 1207
1200 1207
1201 1207
1085 1209
1112 1209
1198 1210
1207 1210
1188 1212
1189 1212
1207 1212
1209 1212
1101 1213
1112 1213
1209 1213
1027 1214
1085 1214
1099 1214
1101 1214
1112 1214
1188 1214
1207 1214
1209 1214
1210 1214
1027 1221
1079 1221
1085 1221
1088 1221
1089 1221
1209 1221
1213 1221
1214 1221
1027 1223
1209 1223
1085 1224
1088 1224
1089 1224
1221 1224
1027 1229
1085 1229
1221 1229
1223 1229
1089 1231
1094 1231
1023 1233
1027 1233
1021 1234
1023 1234
1024 1234
1025 1234
1027 1234
1058 1234
1060 1234
1062 1234
1069 1234
1079 1234
1085 1234
1229 1234
1231 1234
1231 1240
1233 1240
1234 1240
1233 1243
1240 1243
1027 1248
1229 1248
1233 1248
1234 1248
1240 1248
1243 1248
1233 1250
1243 1250
1229 1251
1233 1251
1248 1251
1248 1252
1250 1252
1013 1254
1243 1254
1027 1260
1223 1260
1229 1260
1233 1260
1234 1260
1240 1260
1242 1260
1243 1260
1248 1260
1251 1260
1252 1260
243 1263
983 1263
1260 1264
1262 1264
983 1268
1263 1268
228 1269
236 1269
239 1269
980 1269
983 1269
1027 1269
1263 1269
236 1274
238 1274
239 1274
1027 1274
1260 1274
1262 1274
1263 1274
1264 1274
1269 1274
1027 1276
1223 1276
1224 1276
1229 1276
1223 1278
1224 1278
1274 1278
236 1279
238 1279
1223 1279
1262 1279
1276 1279
1027 1285
1198 1285
1207 1285
1210 1285
1223 1285
1274 1285
1276 1285
1278 1285
196 1287
225 1287
228 1287
236 1287
1279 1287
196 1288
1207 1288
1214 1288
1285 1288
196 1290
1285 1290
196 1291
536 1291
991 1291
993 1291
997 1291
1027 1291
1207 1291
1285 1291
1287 1291
1288 1291
196 1292
225 1292
236 1292
536 1292
1263 1292
1268 1292
1274 1292
1285 1292
1287 1292
1288 1292
196 1299
215 1299
225 1299
229 1299
236 1299
1285 1299
1287 1299
1288 1299
1292 1299
1198 1301
1207 1301
196 1303
204 1303
207 1303
215 1303
218 1303
1172 1303
1287 1303
1299 1303
208 1304
215 1304
218 1304
1172 1304
1176 1304
1177 1304
1301 1304
196 1310
1172 1310
1182 1310
1185 1310
1187 1310
1188 1310
1198 1310
1207 1310
1299 1310
1301 1310
1303 1310
1304 1310
192 1312
196 1312
204 1312
207 1312
215 1312
177 1313
179 1313
183 1313
192 1313
204 1313
1182 1313
1185 1313
1188 1313
1189 1313
1310 1313
190 1315
192 1315
193 1315
196 1315
197 1315
389 1315
398 1315
402 1315
403 1315
406 1315
1188 1315
1207 1315
1210 1315
1212 1315
1214 1315
1288 1315
1291 1315
1292 1315
1310 1315
159 1331
177 1331
179 1331
183 1331
192 1331
207 1331
208 1331
1188 1331
1310 1331
1312 1331
1313 1331
160 1333
1170 1333
1172 1333
1182 1333
158 1334
177 1334
183 1334
208 1334
1331 1334
208 1335
1170 1335
1333 1335
1170 1336
1333 1336
1335 1336
183 1337
1334 1337
160 1343
169 1343
1157 1343
1158 1343
1170 1343
1331 1343
1333 1343
1334 1343
1335 1343
1336 1343
158 1345
161 1345
169 1345
177 1345
1333 1345
161 1346
169 1346
1155 1346
1157 1346
1158 1346
1333 1346
1343 1346
1343 1348
1345 1348
124 1349
169 1349
1155 1349
1157 1349
1158 1349
1162 1349
1163 1349
1343 1349
1345 1349
1346 1349
123 1350
124 1350
136 1350
158 1350
161 1350
169 1350
1157 1350
1343 1350
1345 1350
1346 1350
160 1357
177 1357
1336 1357
1343 1357
1345 1357
1346 1357
1349 1357
183 1359
1345 1359
1348 1359
141 1360
143 1360
158 1360
177 1360
179 1360
181 1360
183 1360
1331 1360
1357 1360
1345 1365
1348 1365
1350 1365
1357 1365
1359 1365
1360 1365
136 1367
139 1367
141 1367
136 1368
1348 1368
1357 1368
1359 1368
1365 1368
141 1375
1359 1375
1365 1375
1367 1375
1368 1375
1365 1377
1375 1378
141 1380
1367 1380
1368 1380
1375 1380
1377 1380
141 1381
1367 1381
1375 1381
1377 1381
1378 1382
1368 1389
1375 1389
1377 1389
1378 1389
1381 1389
1375 1391
1389 1392
1389 1393
1389 1395
1389 1400
1391 1400
1392 1400
1395 1400
1395 1402
1395 1403
