# Table name/description: "Top500 Pro B<40"
# Number of dimensions: 1
# For each dimension, 1 to 1: lower_bound  upper_bound  number_of_bins  wrapping
#   x1: 0.0 360.0 360 true
# List of table coordinates and values. (Value is last number on each line.)
0.5 0.02517686225551394
1.5 0.019975031210986267
2.5 0.01581356637536413
3.5 0.009155222638368706
4.5 0.013108614232209739
5.5 0.022263836870578445
6.5 0.035164377861007075
7.5 0.049521431543903455
8.5 0.06034124011652101
9.5 0.06970453599667083
10.5 0.08551810237203496
11.5 0.10341240116521015
12.5 0.09155222638368705
13.5 0.10445276737411568
14.5 0.11298377028714107
15.5 0.12421972534332085
16.5 0.149812734082397
17.5 0.19787765293383272
18.5 0.177070328755722
19.5 0.21161048689138576
20.5 0.27444860590928005
21.5 0.3091968372867249
22.5 0.36142322097378277
23.5 0.3838951310861423
24.5 0.4440282979608822
25.5 0.5516021639617146
26.5 0.5805243445692884
27.5 0.6158967956720766
28.5 0.7453183520599251
29.5 0.7151477320016646
30.5 0.9904286308780691
31.5 0.8293799417394923
32.5 0.9864752392842281
33.5 0.6976695796920516
34.5 0.6019558884727424
35.5 0.4521431543903454
36.5 0.4011652101539742
37.5 0.28256346233874324
38.5 0.20786516853932585
39.5 0.1371202663337495
40.5 0.08926342072409488
41.5 0.0357885975863504
42.5 0.0056179775280898875
43.5 0.0033291718684977114
44.5 0.0020807324178110697
45.5 0.0012484394506866417
46.5 0.0010403662089055348
47.5 0.0010403662089055348
48.5 8.322929671244278E-4
49.5 6.242197253433209E-4
50.5 4.161464835622139E-4
51.5 4.161464835622139E-4
52.5 4.161464835622139E-4
53.5 2.0807324178110696E-4
54.5 2.0807324178110696E-4
55.5 0.0
56.5 0.0
57.5 0.0
58.5 0.0
59.5 0.0
60.5 0.0
61.5 0.0
62.5 0.0
63.5 0.0
64.5 0.0
65.5 0.0
66.5 0.0
67.5 0.0
68.5 0.0
69.5 0.0
70.5 0.0
71.5 0.0
72.5 0.0
73.5 0.0
74.5 0.0
75.5 0.0
76.5 0.0
77.5 0.0
78.5 0.0
79.5 0.0
80.5 0.0
81.5 0.0
82.5 0.0
83.5 0.0
84.5 0.0
85.5 0.0
86.5 0.0
87.5 0.0
88.5 0.0
89.5 0.0
90.5 0.0
91.5 0.0
92.5 0.0
93.5 0.0
94.5 0.0
95.5 0.0
96.5 0.0
97.5 0.0
98.5 0.0
99.5 0.0
100.5 0.0
101.5 0.0
102.5 0.0
103.5 0.0
104.5 0.0
105.5 0.0
106.5 0.0
107.5 0.0
108.5 0.0
109.5 0.0
110.5 0.0
111.5 0.0
112.5 0.0
113.5 0.0
114.5 0.0
115.5 0.0
116.5 0.0
117.5 0.0
118.5 0.0
119.5 0.0
120.5 0.0
121.5 0.0
122.5 0.0
123.5 0.0
124.5 0.0
125.5 0.0
126.5 0.0
127.5 0.0
128.5 0.0
129.5 0.0
130.5 0.0
131.5 0.0
132.5 0.0
133.5 0.0
134.5 0.0
135.5 0.0
136.5 0.0
137.5 0.0
138.5 0.0
139.5 0.0
140.5 0.0
141.5 0.0
142.5 0.0
143.5 0.0
144.5 0.0
145.5 0.0
146.5 0.0
147.5 0.0
148.5 0.0
149.5 0.0
150.5 0.0
151.5 0.0
152.5 0.0
153.5 0.0
154.5 0.0
155.5 0.0
156.5 0.0
157.5 0.0
158.5 0.0
159.5 0.0
160.5 0.0
161.5 0.0
162.5 0.0
163.5 0.0
164.5 0.0
165.5 0.0
166.5 0.0
167.5 0.0
168.5 0.0
169.5 0.0
170.5 0.0
171.5 0.0
172.5 0.0
173.5 0.0
174.5 0.0
175.5 0.0
176.5 0.0
177.5 0.0
178.5 0.0
179.5 0.0
180.5 0.0
181.5 0.0
182.5 0.0
183.5 0.0
184.5 0.0
185.5 0.0
186.5 0.0
187.5 0.0
188.5 0.0
189.5 0.0
190.5 0.0
191.5 0.0
192.5 0.0
193.5 0.0
194.5 0.0
195.5 0.0
196.5 0.0
197.5 0.0
198.5 0.0
199.5 0.0
200.5 0.0
201.5 0.0
202.5 0.0
203.5 0.0
204.5 0.0
205.5 0.0
206.5 0.0
207.5 0.0
208.5 0.0
209.5 0.0
210.5 0.0
211.5 0.0
212.5 0.0
213.5 0.0
214.5 0.0
215.5 0.0
216.5 0.0
217.5 0.0
218.5 0.0
219.5 0.0
220.5 0.0
221.5 0.0
222.5 0.0
223.5 0.0
224.5 0.0
225.5 0.0
226.5 0.0
227.5 0.0
228.5 0.0
229.5 0.0
230.5 0.0
231.5 0.0
232.5 0.0
233.5 0.0
234.5 0.0
235.5 0.0
236.5 0.0
237.5 0.0
238.5 0.0
239.5 0.0
240.5 0.0
241.5 0.0
242.5 0.0
243.5 0.0
244.5 0.0
245.5 0.0
246.5 0.0
247.5 0.0
248.5 0.0
249.5 0.0
250.5 0.0
251.5 0.0
252.5 0.0
253.5 0.0
254.5 0.0
255.5 0.0
256.5 0.0
257.5 0.0
258.5 0.0
259.5 0.0
260.5 0.0
261.5 0.0
262.5 0.0
263.5 0.0
264.5 0.0
265.5 0.0
266.5 0.0
267.5 0.0
268.5 0.0
269.5 0.0
270.5 0.0
271.5 0.0
272.5 0.0
273.5 0.0
274.5 0.0
275.5 0.0
276.5 0.0
277.5 0.0
278.5 0.0
279.5 0.0
280.5 0.0
281.5 0.0
282.5 0.0
283.5 0.0
284.5 0.0
285.5 0.0
286.5 0.0
287.5 0.0
288.5 0.0
289.5 0.0
290.5 0.0
291.5 0.0
292.5 0.0
293.5 0.0
294.5 0.0
295.5 0.0
296.5 0.0
297.5 0.0
298.5 0.0
299.5 0.0
300.5 0.0
301.5 0.0
302.5 0.0
303.5 0.0
304.5 0.0
305.5 0.0
306.5 0.0
307.5 0.0
308.5 0.0
309.5 0.0
310.5 0.0
311.5 0.0
312.5 0.0
313.5 2.0807324178110696E-4
314.5 2.0807324178110696E-4
315.5 4.161464835622139E-4
316.5 8.322929671244278E-4
317.5 0.0010403662089055348
318.5 0.0012484394506866417
319.5 0.0024968789013732834
320.5 0.0056179775280898875
321.5 0.01435705368289638
322.5 0.07865168539325842
323.5 0.14273824386183936
324.5 0.2330420307948398
325.5 0.34207240948813983
326.5 0.48252184769038703
327.5 0.6533499791926758
328.5 0.793799417394923
329.5 0.9995838535164377
330.5 0.7960882230545152
331.5 0.8936745734498543
332.5 0.7089055347482314
333.5 0.7854764877236787
334.5 0.5451518934665002
335.5 0.4995838535164378
336.5 0.5322513524760716
337.5 0.44527673741156887
338.5 0.3256346233874324
339.5 0.311277569704536
340.5 0.3978360382854765
341.5 0.2813150228880566
342.5 0.24698293799417395
343.5 0.2330420307948398
344.5 0.2103620474406991
345.5 0.17415730337078653
346.5 0.16396171452351227
347.5 0.14523512276321265
348.5 0.12650853100291304
349.5 0.11131918435289222
350.5 0.08302122347066167
351.5 0.07282563462338744
352.5 0.06075738660008323
353.5 0.03058676654182272
354.5 0.026217228464419477
355.5 0.04057428214731586
356.5 0.05659592176446109
357.5 0.06346233874323762
358.5 0.05035372451102788
359.5 0.03474823137744486
